NSW,,,Albion Park Rail,2527,,,,,72863,4,46255,-1071607778,0
NSW,,,Blackbutt,2529,,,,,72876,4,46186,-1071607778,0
NSW,,,Couridjah,2571,,,,,73251,4,46210,-1071607778,0
NSW,,,Croom,2527,,,,,72865,4,46255,-1071607778,0
NSW,,,Glen Oak,2320,,,,,71142,4,46184,-1071607778,0
NSW,,,Maldon,2571,,,,,73252,4,46210,-1071607778,0
NSW,,,Mowbray Park,2571,,,,,73253,4,46210,-1071607778,0
NSW,,,North Macquarie,2527,,,,,72866,4,46255,-1071607778,0
NSW,,,Prospect,2148,,,,,70587,4,46137,-1071607778,0
NSW,,,Razorback,2571,,,,,73255,4,46210,-1071607778,0
NSW,,,Shellharbour City Centre,2529,,,,,72882,4,46186,-1071607778,0
NSW,,,Tongarra,2527,,,,,72867,4,46255,-1071607778,0
NSW,,,Wallalong,2320,,,,,71164,4,46184,-1071607778,0
NSW,,,Yallah,2530,,,,,72895,4,46224,-1071607778,0
NSW,,,Agnes Banks,2753,,,,,74279,4,46280,-1071607778,0
NSW,,,Butterwick,2321,,,,,71167,4,46418,-1071607778,0
NSW,,,Calderwood,2527,,,,,72864,4,46255,-1071607778,0
NSW,,,Duns Creek,2321,,,,,71171,4,46418,-1071607778,0
NSW,,,Holroyd,2142,,,,,70559,4,46189,-1071607778,0
NSW,,,Lower Portland,2756,,,,,74303,4,46240,-1071607778,0
NSW,,,Mays Hill,2145,,,,,70568,4,46123,-1071607778,0
NSW,,,Pendle Hill,2145,,,,,70570,4,46123,-1071607778,0
NSW,,,Yellow Rock,2527,,,,,72869,4,46255,-1071607778,0
NSW,,,Aberdare,2325,,,,,71230,4,46148,-1071607778,0
NSW,,,Aberglasslyn,2320,,,,,71136,4,46184,-1071607778,0
NSW,,,Adamstown Heights,2289,,,,,71043,4,46273,-1071607778,0
NSW,,,Alison,2259,,,,,70882,4,2,-1071607778,0
NSW,,,Allandale,2320,,,,,71137,4,46184,-1071607778,0
NSW,,,Allawah,2218,,,,,70748,4,46313,-1071607778,0
NSW,,,Anambah,2320,,,,,71138,4,46184,-1071607778,0
NSW,,,Arndell Park,2148,,,,,70581,4,46137,-1071607778,0
NSW,,,Avondale,2530,,,,,72883,4,46224,-1071607778,0
NSW,,,Balickera,2324,,,,,71207,4,46122,-1071607778,0
NSW,,,Balmoral,2283,,,,,71003,4,46161,-1071607778,0
NSW,,,Balmoral,2571,,,,,73249,4,46210,-1071607778,0
NSW,,,Banksia,2216,,,,,70738,4,46200,-1071607778,0
NSW,,,Bar Beach,2300,,,,,71076,4,46141,-1071607778,0
NSW,,,Bardwell Valley,2207,,,,,70718,4,46633,-1071607778,0
NSW,,,Barren Grounds,2577,,,,,73289,4,46519,-1071607778,0
NSW,,,Bell,2786,,,,,74421,4,46643,-1071607778,0
NSW,,,Bensville,2251,,,,,70844,4,46160,-1071607778,0
NSW,,,Berkshire Park,2765,,,,,74350,4,46181,-1071607778,0
NSW,,,Berry Park,2321,,,,,71166,4,46418,-1071607778,0
NSW,,,Beverley Park,2217,,,,,70742,4,46129,-1071607778,0
NSW,,,Bexley North,2207,,,,,70720,4,46633,-1071607778,0
NSW,,,Blackwall,2256,,,,,70855,4,46182,-1071607778,0
NSW,,,Blair Athol,2560,,,,,73191,4,46163,-1071607778,0
NSW,,,Bolton Point,2283,,,,,71005,4,46161,-1071607778,0
NSW,,,Bolwarra Heights,2320,,,,,71140,4,46184,-1071607778,0
NSW,,,Bombo,2533,,,,,72896,4,46344,-1071607778,0
NSW,,,Bouddi,2251,,,,,70845,4,46160,-1071607778,0
NSW,,,Bow Bowing,2566,,,,,73214,4,46398,-1071607778,0
NSW,,,Bowen Mountain,2753,,,,,74280,4,46280,-1071607778,0
NSW,,,Box Hill,2765,,,,,74351,4,46181,-1071607778,0
NSW,,,Brandy Hill,2324,,,,,71208,4,46122,-1071607778,0
NSW,,,Breakfast Point,2137,,,,,70539,4,46199,-1071607778,0
NSW,,,Brogers Creek,2535,,,,,72916,4,46724,-1071607778,0
NSW,,,Broughton Village,2535,,,,,72919,4,46724,-1071607778,0
NSW,,,Brownsville,2530,,,,,72884,4,46224,-1071607778,0
NSW,,,Brunkerville,2323,,,,,71195,4,46116,-1071607778,0
NSW,,,Buchanan,2323,,,,,71196,4,46116,-1071607778,0
NSW,,,Bucketty,2250,,,,,70809,4,46118,-1071607778,0
NSW,,,Budderoo,2535,,,,,72920,4,46724,-1071607778,0
NSW,,,Burraneer,2230,,,,,70784,4,46126,-1071607778,0
NSW,,,Buttaba,2283,,,,,71006,4,46161,-1071607778,0
NSW,,,Buttai,2323,,,,,71197,4,46116,-1071607778,0
NSW,,,Cabarita,2137,,,,,70540,4,46199,-1071607778,0
NSW,,,Cabramatta West,2166,,,,,70635,4,46217,-1071607778,0
NSW,,,Calga,2250,,,,,70810,4,46118,-1071607778,0
NSW,,,Cambridge Gardens,2747,,,,,74256,4,46113,-1071607778,0
NSW,,,Camellia,2142,,,,,70556,4,46189,-1071607778,0
NSW,,,Cameron Park,2285,,,,,71023,4,46264,-1071607778,0
NSW,,,Cardiff Heights,2285,,,,,71025,4,46264,-1071607778,0
NSW,,,Carey Bay,2283,,,,,71007,4,46161,-1071607778,0
NSW,,,Carrington Falls,2577,,,,,73297,4,46519,-1071607778,0
NSW,,,Central Colo,2756,,,,,74294,4,46240,-1071607778,0
NSW,,,Chain Valley Bay,2259,,,,,70885,4,2,-1071607778,0
NSW,,,Chatham Valley,2787,,,,,74427,4,46321,-1071607778,0
NSW,,,Church Point,2105,,,,,70459,4,46261,-1071607778,0
NSW,,,Clarendon,2756,,,,,74295,4,46240,-1071607778,0
NSW,,,Cleveland,2530,,,,,72885,4,46224,-1071607778,0
NSW,,,Cliftleigh,2321,,,,,71169,4,46418,-1071607778,0
NSW,,,Clifton,2515,,,,,72830,4,46187,-1071607778,0
NSW,,,Clyde,2142,,,,,70557,4,46189,-1071607778,0
NSW,,,Coalcliff,2508,,,,,72820,4,46174,-1071607778,0
NSW,,,Colo,2756,,,,,74296,4,46240,-1071607778,0
NSW,,,Cooks Hill,2300,,,,,71077,4,46141,-1071607778,0
NSW,,,Cordeaux,2526,,,,,72854,4,46260,-1071607778,0
NSW,,,Cornwallis,2756,,,,,74298,4,46240,-1071607778,0
NSW,,,Corrimal East,2518,,,,,72841,4,46143,-1071607778,0
NSW,,,Cumberland Reach,2756,,,,,74299,4,46240,-1071607778,0
NSW,,,Curramore,2533,,,,,72897,4,46344,-1071607778,0
NSW,,,Dargan,2786,,,,,74422,4,46643,-1071607778,0
NSW,,,Darkes Forest,2508,,,,,72821,4,46174,-1071607778,0
NSW,,,Darling Point,2027,,,,,70274,4,46297,-1071607778,0
NSW,,,Davistown,2251,,,,,70847,4,46160,-1071607778,0
NSW,,,Denistone,2114,,,,,70496,4,46238,-1071607778,0
NSW,,,Denistone West,2114,,,,,70497,4,46238,-1071607778,0
NSW,,,Dombarton,2526,,,,,72856,4,46260,-1071607778,0
NSW,,,Dooralong,2259,,,,,70887,4,2,-1071607778,0
NSW,,,Duckenfield,2321,,,,,71170,4,46418,-1071607778,0
NSW,,,Duckmaloi,2787,,,,,74428,4,46321,-1071607778,0
NSW,,,Eagleton,2324,,,,,71212,4,46122,-1071607778,0
NSW,,,East Corrimal,2518,,,,,72842,4,46143,-1071607778,0
NSW,,,East Hills,2213,,,,,70734,4,46191,-1071607778,0
NSW,,,East Killara,2071,,,,,70378,4,46156,-1071607778,0
NSW,,,East Seaham,2324,,,,,71213,4,46122,-1071607778,0
NSW,,,Edgecliff,2027,,,,,70275,4,46297,-1071607778,0
NSW,,,Edith,2787,,,,,74429,4,46321,-1071607778,0
NSW,,,Elvina Bay,2105,,,,,70460,4,46261,-1071607778,0
NSW,,,Emu Heights,2750,,,,,74268,4,46115,-1071607778,0
NSW,,,Englorie Park,2560,,,,,73196,4,46163,-1071607778,0
NSW,,,Enmore,2042,,,,,70315,4,46114,-1071607778,0
NSW,,,Farley,2320,,,,,71141,4,46184,-1071607778,0
NSW,,,Farmborough Heights,2526,,,,,72857,4,46260,-1071607778,0
NSW,,,Fernhill,2519,,,,,72847,4,46983,-1071607778,0
NSW,,,Fishing Point,2283,,,,,71011,4,46161,-1071607778,0
NSW,,,Fountaindale,2258,,,,,70877,4,46228,-1071607778,0
NSW,,,Foxground,2534,,,,,72905,4,46789,-1071607778,0
NSW,,,Freemans Waterhole,2323,,,,,71199,4,46116,-1071607778,0
NSW,,,Georgetown,2298,,,,,71070,4,46230,-1071607778,0
NSW,,,Gerroa,2534,,,,,72907,4,46789,-1071607778,0
NSW,,,Gilead,2560,,,,,73197,4,46163,-1071607778,0
NSW,,,Gingkin,2787,,,,,74430,4,46321,-1071607778,0
NSW,,,Glen Alpine,2560,,,,,73198,4,46163,-1071607778,0
NSW,,,Glen Martin,2321,,,,,71173,4,46418,-1071607778,0
NSW,,,Glen William,2321,,,,,71174,4,46418,-1071607778,0
NSW,,,Glenworth Valley,2250,,,,,70815,4,46118,-1071607778,0
NSW,,,Gosforth,2320,,,,,71143,4,46184,-1071607778,0
NSW,,,Green Hills,2323,,,,,71200,4,46116,-1071607778,0
NSW,,,Green Point,2251,,,,,70848,4,46160,-1071607778,0
NSW,,,Greengrove,2250,,,,,70817,4,46118,-1071607778,0
NSW,,,Grose Wold,2753,,,,,74282,4,46280,-1071607778,0
NSW,,,Gurnang,2787,,,,,74431,4,46321,-1071607778,0
NSW,,,Hamilton East,2303,,,,,71083,4,46610,-1071607778,0
NSW,,,Hamilton North,2292,,,,,71062,4,46142,-1071607778,0
NSW,,,Hamilton South,2303,,,,,71084,4,46610,-1071607778,0
NSW,,,Harpers Hill,2321,,,,,71175,4,46418,-1071607778,0
NSW,,,Harris Park,2150,,,,,70588,4,46251,-1071607778,0
NSW,,,Haywards Bay,2530,,,,,72887,4,46224,-1071607778,0
NSW,,,Hazelgrove,2787,,,,,74432,4,46321,-1071607778,0
NSW,,,Heddon Greta,2321,,,,,71176,4,46418,-1071607778,0
NSW,,,Highfields,2289,,,,,71045,4,46273,-1071607778,0
NSW,,,Hillsborough,2320,,,,,71144,4,46184,-1071607778,0
NSW,,,Horseshoe Bend,2320,,,,,71145,4,46184,-1071607778,0
NSW,,,Horsfield Bay,2256,,,,,70856,4,46182,-1071607778,0
NSW,,,Huntingwood,2148,,,,,70584,4,46137,-1071607778,0
NSW,,,Huntley,2530,,,,,72889,4,46224,-1071607778,0
NSW,,,Jamisontown,2750,,,,,74270,4,46115,-1071607778,0
NSW,,,Jaunter,2787,,,,,74433,4,46321,-1071607778,0
NSW,,,Jerrara,2533,,,,,72899,4,46344,-1071607778,0
NSW,,,Jilliby,2259,,,,,70894,4,2,-1071607778,0
NSW,,,Kanangra,2787,,,,,74434,4,46321,-1071607778,0
NSW,,,Kangy Angy,2258,,,,,70878,4,46228,-1071607778,0
NSW,,,Keinbah,2320,,,,,71146,4,46184,-1071607778,0
NSW,,,Kembla Grange,2526,,,,,72858,4,46260,-1071607778,0
NSW,,,Kembla Heights,2526,,,,,72859,4,46260,-1071607778,0
NSW,,,Kemblawarra,2505,,,,,72817,4,46876,-1071607778,0
NSW,,,Kentlyn,2560,,,,,73199,4,46163,-1071607778,0
NSW,,,Kiama Downs,2533,,,,,72901,4,46344,-1071607778,0
NSW,,,Kiama Heights,2533,,,,,72902,4,46344,-1071607778,0
NSW,,,Kilaben Bay,2283,,,,,71012,4,46161,-1071607778,0
NSW,,,Kincumber South,2251,,,,,70850,4,46160,-1071607778,0
NSW,,,Kings Park,2148,,,,,70585,4,46137,-1071607778,0
NSW,,,Knights Hill,2577,,,,,73300,4,46519,-1071607778,0
NSW,,,Kogarah Bay,2217,,,,,70744,4,46129,-1071607778,0
NSW,,,Koolewong,2256,,,,,70857,4,46182,-1071607778,0
NSW,,,Koonawarra,2530,,,,,72891,4,46224,-1071607778,0
NSW,,,Kooragang,2304,,,,,71085,4,46578,-1071607778,0
NSW,,,Kotara South,2289,,,,,71047,4,46273,-1071607778,0
NSW,,,Kyeemagh,2216,,,,,70740,4,46200,-1071607778,0
NSW,,,Lansdowne,2163,,,,,70624,4,46155,-1071607778,0
NSW,,,Lansvale,2166,,,,,70638,4,46217,-1071607778,0
NSW,,,Lavender Bay,2060,,,,,70341,4,46420,-1071607778,0
NSW,,,Lemon Tree,2259,,,,,70898,4,2,-1071607778,0
NSW,,,Leonay,2750,,,,,74271,4,46115,-1071607778,0
NSW,,,Liberty Grove,2138,,,,,70545,4,46170,-1071607778,0
NSW,,,Lilyfield,2040,,,,,70311,4,46342,-1071607778,0
NSW,,,Lilyvale,2508,,,,,72823,4,46174,-1071607778,0
NSW,,,Little Jilliby,2259,,,,,70899,4,2,-1071607778,0
NSW,,,Little Wobby,2256,,,,,70858,4,46182,-1071607778,0
NSW,,,Llandilo,2747,,,,,74260,4,46113,-1071607778,0
NSW,,,Long Point,2564,,,,,73209,4,46169,-1071607778,0
NSW,,,Louth Park,2320,,,,,71149,4,46184,-1071607778,0
NSW,,,Lovett Bay,2105,,,,,70461,4,46261,-1071607778,0
NSW,,,Lower Mangrove,2250,,,,,70822,4,46118,-1071607778,0
NSW,,,Luskintyre,2321,,,,,71179,4,46418,-1071607778,0
NSW,,,Macquarie Hills,2285,,,,,71029,4,46264,-1071607778,0
NSW,,,Macquarie Park,2113,,,,,70494,4,46164,-1071607778,0
NSW,,,Macquarie Pass,2577,,,,,73301,4,46519,-1071607778,0
NSW,,,Maddens Plains,2508,,,,,72824,4,46174,-1071607778,0
NSW,,,Maianbar,2230,,,,,70786,4,46126,-1071607778,0
NSW,,,Maitland North,2320,,,,,71151,4,46184,-1071607778,0
NSW,,,Maitland Vale,2320,,,,,71152,4,46184,-1071607778,0
NSW,,,Mangerton,2500,,,,,72805,4,46117,-1071607778,0
NSW,,,Mangrove Creek,2250,,,,,70823,4,46118,-1071607778,0
NSW,,,Mangrove Mountain,2250,,,,,70824,4,46118,-1071607778,0
NSW,,,Mardi,2259,,,,,70901,4,2,-1071607778,0
NSW,,,Marmong Point,2284,,,,,71019,4,46249,-1071607778,0
NSW,,,Marsfield,2122,,,,,70519,4,46494,-1071607778,0
NSW,,,Marshall Mount,2530,,,,,72892,4,46224,-1071607778,0
NSW,,,Matcham,2250,,,,,70825,4,46118,-1071607778,0
NSW,,,Mayfield,2787,,,,,74435,4,46321,-1071607778,0
NSW,,,Mayfield North,2304,,,,,71088,4,46578,-1071607778,0
NSW,,,Mayfield West,2304,,,,,71089,4,46578,-1071607778,0
NSW,,,Meadowbank,2114,,,,,70498,4,46238,-1071607778,0
NSW,,,Mellong,2756,,,,,74306,4,46240,-1071607778,0
NSW,,,Melrose Park,2114,,,,,70499,4,46238,-1071607778,0
NSW,,,Melville,2320,,,,,71153,4,46184,-1071607778,0
NSW,,,Menangle Park,2563,,,,,73207,4,46219,-1071607778,0
NSW,,,Merrylands West,2160,,,,,70616,4,46154,-1071607778,0
NSW,,,Mindaribba,2320,,,,,71154,4,46184,-1071607778,0
NSW,,,Minto Heights,2566,,,,,73216,4,46398,-1071607778,0
NSW,,,Monterey,2217,,,,,70745,4,46129,-1071607778,0
NSW,,,Mooney Mooney Creek,2250,,,,,70826,4,46118,-1071607778,0
NSW,,,Mortlake,2137,,,,,70542,4,46199,-1071607778,0
NSW,,,Mount Dee,2320,,,,,71155,4,46184,-1071607778,0
NSW,,,Mount Elliot,2250,,,,,70827,4,46118,-1071607778,0
NSW,,,Mount Irvine,2786,,,,,74423,4,46643,-1071607778,0
NSW,,,Mount Olive,2787,,,,,74436,4,46321,-1071607778,0
NSW,,,Mount Ousley,2519,,,,,72848,4,46983,-1071607778,0
NSW,,,Mount Saint Thomas,2500,,,,,72807,4,46117,-1071607778,0
NSW,,,Mount Vincent,2323,,,,,71202,4,46116,-1071607778,0
NSW,,,Mount Werong,2787,,,,,74437,4,46321,-1071607778,0
NSW,,,Mount White,2250,,,,,70828,4,46118,-1071607778,0
NSW,,,Mount Wilson,2786,,,,,74425,4,46643,-1071607778,0
NSW,,,Mozart,2787,,,,,74438,4,46321,-1071607778,0
NSW,,,Nelson,2765,,,,,74354,4,46181,-1071607778,0
NSW,,,Nelsons Plains,2324,,,,,71219,4,46122,-1071607778,0
NSW,,,Newcastle East,2300,,,,,71079,4,46141,-1071607778,0
NSW,,,North Sydney,2060,,,,,70343,4,46420,-1071607778,0
NSW,,,North Wahroonga,2076,,,,,70390,4,46799,-1071607778,0
NSW,,,Norway,2787,,,,,74439,4,46321,-1071607778,0
NSW,,,Oakhampton,2320,,,,,71156,4,46184,-1071607778,0
NSW,,,Oakhampton Heights,2320,,,,,71157,4,46184,-1071607778,0
NSW,,,Old Guildford,2161,,,,,70619,4,46429,-1071607778,0
NSW,,,Old Toongabbie,2146,,,,,70574,4,46889,-1071607778,0
NSW,,,Oswald,2321,,,,,71181,4,46418,-1071607778,0
NSW,,,Padstow Heights,2211,,,,,70730,4,46328,-1071607778,0
NSW,,,Palm Grove,2258,,,,,70880,4,46228,-1071607778,0
NSW,,,Palmdale,2258,,,,,70881,4,46228,-1071607778,0
NSW,,,Patonga,2256,,,,,70859,4,46182,-1071607778,0
NSW,,,Pearl Beach,2256,,,,,70860,4,46182,-1071607778,0
NSW,,,Pemulwuy,2145,,,,,70569,4,46123,-1071607778,0
NSW,,,Penrose,2530,,,,,72893,4,46224,-1071607778,0
NSW,,,Pheasants Nest,2574,,,,,73262,4,46489,-1071607778,0
NSW,,,Phegans Bay,2256,,,,,70861,4,46182,-1071607778,0
NSW,,,Phoenix Park,2321,,,,,71182,4,46418,-1071607778,0
NSW,,,Picketts Valley,2251,,,,,70852,4,46160,-1071607778,0
NSW,,,Pitnacree,2323,,,,,71204,4,46116,-1071607778,0
NSW,,,Pitt Town Bottoms,2756,,,,,74309,4,46240,-1071607778,0
NSW,,,Point Frederick,2250,,,,,70834,4,46118,-1071607778,0
NSW,,,Point Piper,2027,,,,,70277,4,46297,-1071607778,0
NSW,,,Pokolbin,2320,,,,,71158,4,46184,-1071607778,0
NSW,,,Porters Retreat,2787,,,,,74441,4,46321,-1071607778,0
NSW,,,Potts Hill,2143,,,,,70563,4,46180,-1071607778,0
NSW,,,Putty,2330,,,,,71326,4,46679,-1071607778,0
NSW,,,Pyrmont,2009,,,,,70238,4,46897,-1071607778,0
NSW,,,Ramsgate Beach,2217,,,,,70747,4,46129,-1071607778,0
NSW,,,Ravensdale,2259,,,,,70904,4,2,-1071607778,0
NSW,,,Raworth,2321,,,,,71183,4,46418,-1071607778,0
NSW,,,Redfern,2016,,,,,70251,4,46215,-1071607778,0
NSW,,,Reidtown,2519,,,,,72850,4,46983,-1071607778,0
NSW,,,Revesby Heights,2212,,,,,70732,4,46145,-1071607778,0
NSW,,,Rhodes,2138,,,,,70546,4,46170,-1071607778,0
NSW,,,Richmond Lowlands,2753,,,,,74286,4,46280,-1071607778,0
NSW,,,Richmond Vale,2323,,,,,71205,4,46116,-1071607778,0
NSW,,,Rocky Point,2259,,,,,70905,4,2,-1071607778,0
NSW,,,Rookwood,2141,,,,,70554,4,46351,-1071607778,0
NSW,,,Rose Valley,2534,,,,,72908,4,46789,-1071607778,0
NSW,,,Rosebrook,2320,,,,,71159,4,46184,-1071607778,0
NSW,,,Roseville Chase,2069,,,,,70374,4,46786,-1071607778,0
NSW,,,Rothbury,2320,,,,,71160,4,46184,-1071607778,0
NSW,,,Ryhope,2283,,,,,71014,4,46161,-1071607778,0
NSW,,,Sackville,2756,,,,,74310,4,46240,-1071607778,0
NSW,,,Saddleback Mountain,2533,,,,,72904,4,46344,-1071607778,0
NSW,,,Sandgate,2304,,,,,71090,4,46578,-1071607778,0
NSW,,,Scheyville,2756,,,,,74312,4,46240,-1071607778,0
NSW,,,Scotland Island,2105,,,,,70462,4,46261,-1071607778,0
NSW,,,Shanes Park,2747,,,,,74261,4,46113,-1071607778,0
NSW,,,Shooters Hill,2787,,,,,74442,4,46321,-1071607778,0
NSW,,,Somersby,2250,,,,,70835,4,46118,-1071607778,0
NSW,,,South Granville,2142,,,,,70561,4,46189,-1071607778,0
NSW,,,South Maitland,2320,,,,,71162,4,46184,-1071607778,0
NSW,,,South Maroota,2756,,,,,74313,4,46240,-1071607778,0
NSW,,,South Wentworthville,2145,,,,,70571,4,46123,-1071607778,0
NSW,,,Spring Hill,2500,,,,,72809,4,46117,-1071607778,0
NSW,,,St Ives Chase,2075,,,,,70388,4,46324,-1071607778,0
NSW,,,Stanwell Tops,2508,,,,,72827,4,46174,-1071607778,0
NSW,,,Summerland Point,2259,,,,,70906,4,2,-1071607778,0
NSW,,,Swan Bay,2324,,,,,71226,4,46122,-1071607778,0
NSW,,,Sydenham,2044,,,,,70319,4,46195,-1071607778,0
NSW,,,Tacoma South,2259,,,,,70908,4,2,-1071607778,0
NSW,,,Tarana,2787,,,,,74443,4,46321,-1071607778,0
NSW,,,Tascott,2250,,,,,70837,4,46118,-1071607778,0
NSW,,,Telarah,2320,,,,,71163,4,46184,-1071607778,0
NSW,,,Ten Mile Hollow,2250,,,,,70838,4,46118,-1071607778,0
NSW,,,The Hill,2300,,,,,71080,4,46141,-1071607778,0
NSW,,,The Meadows,2787,,,,,74444,4,46321,-1071607778,0
NSW,,,Tomago,2322,,,,,71192,4,46112,-1071607778,0
NSW,,,Toolijooa,2534,,,,,72909,4,46789,-1071607778,0
NSW,,,Towradgi,2518,,,,,72844,4,46143,-1071607778,0
NSW,,,Turrella,2205,,,,,70713,4,46486,-1071607778,0
NSW,,,Upper Colo,2756,,,,,74315,4,46240,-1071607778,0
NSW,,,Upper Kangaroo Valley,2577,,,,,73314,4,46519,-1071607778,0
NSW,,,Upper Mangrove,2250,,,,,70839,4,46118,-1071607778,0
NSW,,,Varroville,2566,,,,,73218,4,46398,-1071607778,0
NSW,,,Wallarah,2259,,,,,70912,4,2,-1071607778,0
NSW,,,Warabrook,2304,,,,,71091,4,46578,-1071607778,0
NSW,,,Warnervale,2259,,,,,70913,4,2,-1071607778,0
NSW,,,Warrawee,2074,,,,,70386,4,46296,-1071607778,0
NSW,,,Watanobbi,2259,,,,,70914,4,2,-1071607778,0
NSW,,,Wedderburn,2560,,,,,73205,4,46163,-1071607778,0
NSW,,,Wendoree Park,2250,,,,,70840,4,46118,-1071607778,0
NSW,,,Werri Beach,2534,,,,,72910,4,46789,-1071607778,0
NSW,,,Werrington County,2747,,,,,74263,4,46113,-1071607778,0
NSW,,,Werrington Downs,2747,,,,,74264,4,46113,-1071607778,0
NSW,,,West Wollongong,2500,,,,,72810,4,46117,-1071607778,0
NSW,,,Willow Vale,2534,,,,,72911,4,46789,-1071607778,0
NSW,,,Windella,2320,,,,,71165,4,46184,-1071607778,0
NSW,,,Windsor Downs,2756,,,,,74318,4,46240,-1071607778,0
NSW,,,Wolli Creek,2205,,,,,70714,4,46486,-1071607778,0
NSW,,,Wollombi,2325,,,,,71257,4,46148,-1071607778,0
NSW,,,Wollongong West,2500,,,,,72812,4,46117,-1071607778,0
NSW,,,Wollstonecraft,2065,,,,,70356,4,46132,-1071607778,0
NSW,,,Wombarra,2515,,,,,72834,4,46187,-1071607778,0
NSW,,,Womerah,2756,,,,,74319,4,46240,-1071607778,0
NSW,,,Wondabyne,2256,,,,,70862,4,46182,-1071607778,0
NSW,,,Wongawilli,2530,,,,,72894,4,46224,-1071607778,0
NSW,,,Woodbine,2560,,,,,73206,4,46163,-1071607778,0
NSW,,,Woodcroft,2767,,,,,74360,4,46173,-1071607778,0
NSW,,,Woodrising,2284,,,,,71022,4,46249,-1071607778,0
NSW,,,Woonona East,2517,,,,,72838,4,46222,-1071607778,0
NSW,,,Woronora Dam,2508,,,,,72828,4,46174,-1071607778,0
NSW,,,Woronora Heights,2233,,,,,70800,4,46229,-1071607778,0
NSW,,,Woy Woy Bay,2256,,,,,70864,4,46182,-1071607778,0
NSW,,,Wyongah,2259,,,,,70921,4,2,-1071607778,0
NSW,,,Yarramalong,2259,,,,,70922,4,2,-1071607778,0
NSW,,,Yarramundi,2753,,,,,74287,4,46280,-1071607778,0
NSW,,,Yarrawarrah,2233,,,,,70801,4,46229,-1071607778,0
NSW,,,Yattalunga,2251,,,,,70854,4,46160,-1071607778,0
NSW,,,Zetland,2017,,,,,70253,4,46831,-1071607778,0
NSW,,,Pyrmont,2009,,,,,70238,4,46897,-1071607778,0
NSW,,,Redfern,2016,,,,,70251,4,46215,-1071607778,0
NSW,,,Darling Point,2027,,,,,70274,4,46297,-1071607778,0
NSW,,,Enmore,2042,,,,,70315,4,46114,-1071607778,0
NSW,,,Hmas Waterhen,2060,,,,,70340,4,46420,-1071607778,0
NSW,,,East Killara,2071,,,,,70378,4,46156,-1071607778,0
NSW,,,Blenheim Road,2113,,,,,70491,4,46164,-1071607778,0
NSW,,,Denistone,2114,,,,,70496,4,46238,-1071607778,0
NSW,,,Breakfast Point,2137,,,,,70539,4,46199,-1071607778,0
NSW,,,Blaxcell,2142,,,,,70555,4,46189,-1071607778,0
NSW,,,Old Toongabbie,2146,,,,,70574,4,46889,-1071607778,0
NSW,,,Arndell Park,2148,,,,,70581,4,46137,-1071607778,0
NSW,,,Harris Park,2150,,,,,70588,4,46251,-1071607778,0
NSW,,,East Hills,2213,,,,,70734,4,46191,-1071607778,0
NSW,,,Banksia,2216,,,,,70738,4,46200,-1071607778,0
NSW,,,Beverley Park,2217,,,,,70742,4,46129,-1071607778,0
NSW,,,Allawah,2218,,,,,70748,4,46313,-1071607778,0
NSW,,,Audley,2232,,,,,70789,4,46192,-1071607778,0
NSW,,,Bucketty,2250,,,,,70809,4,46118,-1071607778,0
NSW,,,Blackwall,2256,,,,,70855,4,46182,-1071607778,0
NSW,,,Alison,2259,,,,,70882,4,2,-1071607778,0
NSW,,,Balcolyn,2264,,,,,70959,4,46358,-1071607778,0
NSW,,,Cameron Park,2285,,,,,71023,4,46264,-1071607778,0
NSW,,,Georgetown,2298,,,,,71070,4,46230,-1071607778,0
NSW,,,Bar Beach,2300,,,,,71076,4,46141,-1071607778,0
NSW,,,Kooragang,2304,,,,,71085,4,46578,-1071607778,0
NSW,,,Aberglasslyn,2320,,,,,71136,4,46184,-1071607778,0
NSW,,,Berry Park,2321,,,,,71166,4,46418,-1071607778,0
NSW,,,Balickera,2324,,,,,71207,4,46122,-1071607778,0
NSW,,,Aberdare,2325,,,,,71230,4,46148,-1071607778,0
NSW,,,Appletree Flat,2330,,,,,71281,4,46679,-1071607778,0
NSW,,,Baerami,2333,,,,,71344,4,46213,-1071607778,0
NSW,,,Appleby,2340,,,,,71421,4,46425,-1071607778,0
NSW,,,Black Head,2430,,,,,71969,4,46334,-1071607778,0
NSW,,,Ashby,2463,,,,,72376,4,46130,-1071607778,0
NSW,,,Alstonvale,2477,,,,,72571,4,46529,-1071607778,0
NSW,,,Back Creek,2484,,,,,72717,4,46648,-1071607778,0
NSW,,,Coalcliff,2508,,,,,72820,4,46174,-1071607778,0
NSW,,,Blackbutt,2529,,,,,72876,4,46186,-1071607778,0
NSW,,,Avondale,2530,,,,,72883,4,46224,-1071607778,0
NSW,,,Bombo,2533,,,,,72896,4,46344,-1071607778,0
NSW,,,Bamarang,2540,,,,,73004,4,46359,-1071607778,0
NSW,,,Bangalee,2541,,,,,73070,4,47006,-1071607778,0
NSW,,,Angledale,2550,,,,,73113,4,46127,-1071607778,0
NSW,,,Glenquarie,2564,,,,,73208,4,46169,-1071607778,0
NSW,,,Bow Bowing,2566,,,,,73214,4,46398,-1071607778,0
NSW,,,Balmoral,2571,,,,,73249,4,46210,-1071607778,0
NSW,,,Alpine,2575,,,,,73264,4,46204,-1071607778,0
NSW,,,Bong Bong,2576,,,,,73280,4,46257,-1071607778,0
NSW,,,Bannaby,2580,,,,,73327,4,46281,-1071607778,0
NSW,,,Alfredtown,2650,,,,,73853,4,46367,-1071607778,0
NSW,,,Cambridge Gardens,2747,,,,,74256,4,46113,-1071607778,0
NSW,,,Emu Heights,2750,,,,,74268,4,46115,-1071607778,0
NSW,,,Agnes Banks,2753,,,,,74279,4,46280,-1071607778,0
NSW,,,Berkshire Park,2765,,,,,74350,4,46181,-1071607778,0
NSW,,,Hawkesbury Heights,2777,,,,,74402,4,46218,-1071607778,0
NSW,,,Ben Bullen,2790,,,,,74445,4,46283,-1071607778,0
NSW,,,Abercrombie River,2795,,,,,74496,4,46457,-1071607778,0
VIC,,,Altona East,3025,,,,,75192,6,10168,-1071607778,0
VIC,,,Altona East,3025,,,,,75192,6,10168,-1071607778,0
VIC,,,Altona East,3025,,,,,75192,6,10168,-1071607778,0
VIC,,,Altona East,3025,,,,,75192,6,10168,-1071607778,0
VIC,,,Altona East,3025,,,,,75192,6,10168,-1071607778,0
VIC,,,Ascot,3364,,,,,76206,6,14696,-1071607778,0
VIC,,,Ascot,3364,,,,,76206,6,14696,-1071607778,0
VIC,,,Ascot,3364,,,,,76206,6,14696,-1071607778,0
VIC,,,Ascot,3364,,,,,76206,6,14696,-1071607778,0
VIC,,,Ascot,3364,,,,,76206,6,14696,-1071607778,0
VIC,,,Attwood,3049,,,,,75251,6,16855,-1071607778,0
VIC,,,Attwood,3049,,,,,75251,6,16855,-1071607778,0
VIC,,,Attwood,3049,,,,,75251,6,16855,-1071607778,0
VIC,,,Attwood,3049,,,,,75251,6,16855,-1071607778,0
VIC,,,Attwood,3049,,,,,75251,6,16855,-1071607778,0
VIC,,,Badger Creek,3777,,,,,77606,6,18421,-1071607778,0
VIC,,,Badger Creek,3777,,,,,77606,6,18421,-1071607778,0
VIC,,,Badger Creek,3777,,,,,77606,6,18421,-1071607778,0
VIC,,,Badger Creek,3777,,,,,77606,6,18421,-1071607778,0
VIC,,,Badger Creek,3777,,,,,77606,6,18421,-1071607778,0
VIC,,,Balaclava,3183,,,,,75536,6,10266,-1071607778,0
VIC,,,Balaclava,3183,,,,,75536,6,10266,-1071607778,0
VIC,,,Balaclava,3183,,,,,75536,6,10266,-1071607778,0
VIC,,,Balaclava,3183,,,,,75536,6,10266,-1071607778,0
VIC,,,Balaclava,3183,,,,,75536,6,10266,-1071607778,0
VIC,,,Ballarat Central,3350,,,,,76077,6,14070,-1071607778,0
VIC,,,Ballarat Central,3350,,,,,76077,6,14070,-1071607778,0
VIC,,,Ballarat Central,3350,,,,,76077,6,14070,-1071607778,0
VIC,,,Ballarat Central,3350,,,,,76077,6,14070,-1071607778,0
VIC,,,Ballarat Central,3350,,,,,76077,6,14070,-1071607778,0
VIC,,,Balnarring Beach,3926,,,,,78071,6,12071,-1071607778,0
VIC,,,Balnarring Beach,3926,,,,,78071,6,12071,-1071607778,0
VIC,,,Balnarring Beach,3926,,,,,78071,6,12071,-1071607778,0
VIC,,,Balnarring Beach,3926,,,,,78071,6,12071,-1071607778,0
VIC,,,Balnarring Beach,3926,,,,,78071,6,12071,-1071607778,0
VIC,,,Benalla,3671,,,,,77272,6,14749,-1071607778,0
VIC,,,Benalla,3671,,,,,77272,6,14749,-1071607778,0
VIC,,,Benalla,3671,,,,,77272,6,14749,-1071607778,0
VIC,,,Benalla,3671,,,,,77272,6,14749,-1071607778,0
VIC,,,Benalla,3671,,,,,77272,6,14749,-1071607778,0
VIC,,,Black Hill,3350,,,,,76081,6,14070,-1071607778,0
VIC,,,Black Hill,3350,,,,,76081,6,14070,-1071607778,0
VIC,,,Black Hill,3350,,,,,76081,6,14070,-1071607778,0
VIC,,,Black Hill,3350,,,,,76081,6,14070,-1071607778,0
VIC,,,Black Hill,3350,,,,,76081,6,14070,-1071607778,0
VIC,,,Blackwood,3458,,,,,76512,6,17385,-1071607778,0
VIC,,,Blackwood,3458,,,,,76512,6,17385,-1071607778,0
VIC,,,Blackwood,3458,,,,,76512,6,17385,-1071607778,0
VIC,,,Blackwood,3458,,,,,76512,6,17385,-1071607778,0
VIC,,,Blackwood,3458,,,,,76512,6,17385,-1071607778,0
VIC,,,Blairgowrie,3942,,,,,78096,6,11228,-1071607778,0
VIC,,,Blairgowrie,3942,,,,,78096,6,11228,-1071607778,0
VIC,,,Blairgowrie,3942,,,,,78096,6,11228,-1071607778,0
VIC,,,Blairgowrie,3942,,,,,78096,6,11228,-1071607778,0
VIC,,,Blairgowrie,3942,,,,,78096,6,11228,-1071607778,0
VIC,,,Blind Bight,3980,,,,,78217,6,13988,-1071607778,0
VIC,,,Blind Bight,3980,,,,,78217,6,13988,-1071607778,0
VIC,,,Blind Bight,3980,,,,,78217,6,13988,-1071607778,0
VIC,,,Blind Bight,3980,,,,,78217,6,13988,-1071607778,0
VIC,,,Blind Bight,3980,,,,,78217,6,13988,-1071607778,0
VIC,,,Bonnie Doon,3720,,,,,77461,6,15756,-1071607778,0
VIC,,,Bonnie Doon,3720,,,,,77461,6,15756,-1071607778,0
VIC,,,Bonnie Doon,3720,,,,,77461,6,15756,-1071607778,0
VIC,,,Bonnie Doon,3720,,,,,77461,6,15756,-1071607778,0
VIC,,,Bonnie Doon,3720,,,,,77461,6,15756,-1071607778,0
VIC,,,Breakwater,3219,,,,,75623,6,19175,-1071607778,0
VIC,,,Breakwater,3219,,,,,75623,6,19175,-1071607778,0
VIC,,,Breakwater,3219,,,,,75623,6,19175,-1071607778,0
VIC,,,Breakwater,3219,,,,,75623,6,19175,-1071607778,0
VIC,,,Breakwater,3219,,,,,75623,6,19175,-1071607778,0
VIC,,,Brookfield,3338,,,,,76043,6,9228,-1071607778,0
VIC,,,Brookfield,3338,,,,,76043,6,9228,-1071607778,0
VIC,,,Brookfield,3338,,,,,76043,6,9228,-1071607778,0
VIC,,,Brookfield,3338,,,,,76043,6,9228,-1071607778,0
VIC,,,Brookfield,3338,,,,,76043,6,9228,-1071607778,0
VIC,,,Brooklyn,3012,,,,,75154,6,9141,-1071607778,0
VIC,,,Brooklyn,3012,,,,,75154,6,9141,-1071607778,0
VIC,,,Brooklyn,3012,,,,,75154,6,9141,-1071607778,0
VIC,,,Brooklyn,3012,,,,,75154,6,9141,-1071607778,0
VIC,,,Brooklyn,3012,,,,,75154,6,9141,-1071607778,0
VIC,,,Brown Hill,3350,,,,,76082,6,14070,-1071607778,0
VIC,,,Brown Hill,3350,,,,,76082,6,14070,-1071607778,0
VIC,,,Brown Hill,3350,,,,,76082,6,14070,-1071607778,0
VIC,,,Brown Hill,3350,,,,,76082,6,14070,-1071607778,0
VIC,,,Brown Hill,3350,,,,,76082,6,14070,-1071607778,0
VIC,,,Bundalong,3730,,,,,77510,6,14756,-1071607778,0
VIC,,,Bundalong,3730,,,,,77510,6,14756,-1071607778,0
VIC,,,Bundalong,3730,,,,,77510,6,14756,-1071607778,0
VIC,,,Bundalong,3730,,,,,77510,6,14756,-1071607778,0
VIC,,,Bundalong,3730,,,,,77510,6,14756,-1071607778,0
VIC,,,Burnley,3121,,,,,75374,6,10024,-1071607778,0
VIC,,,Burnley,3121,,,,,75374,6,10024,-1071607778,0
VIC,,,Burnley,3121,,,,,75374,6,10024,-1071607778,0
VIC,,,Burnley,3121,,,,,75374,6,10024,-1071607778,0
VIC,,,Burnley,3121,,,,,75374,6,10024,-1071607778,0
VIC,,,Burnside,3023,,,,,75182,6,10132,-1071607778,0
VIC,,,Burnside,3023,,,,,75182,6,10132,-1071607778,0
VIC,,,Burnside,3023,,,,,75182,6,10132,-1071607778,0
VIC,,,Burnside,3023,,,,,75182,6,10132,-1071607778,0
VIC,,,Burnside,3023,,,,,75182,6,10132,-1071607778,0
VIC,,,Canadian,3350,,,,,76083,6,14070,-1071607778,0
VIC,,,Canadian,3350,,,,,76083,6,14070,-1071607778,0
VIC,,,Canadian,3350,,,,,76083,6,14070,-1071607778,0
VIC,,,Canadian,3350,,,,,76083,6,14070,-1071607778,0
VIC,,,Canadian,3350,,,,,76083,6,14070,-1071607778,0
VIC,,,Cape Paterson,3995,,,,,78253,6,14851,-1071607778,0
VIC,,,Cape Paterson,3995,,,,,78253,6,14851,-1071607778,0
VIC,,,Cape Paterson,3995,,,,,78253,6,14851,-1071607778,0
VIC,,,Cape Paterson,3995,,,,,78253,6,14851,-1071607778,0
VIC,,,Cape Paterson,3995,,,,,78253,6,14851,-1071607778,0
VIC,,,Cape Schanck,3939,,,,,78089,6,11259,-1071607778,0
VIC,,,Cape Schanck,3939,,,,,78089,6,11259,-1071607778,0
VIC,,,Cape Schanck,3939,,,,,78089,6,11259,-1071607778,0
VIC,,,Cape Schanck,3939,,,,,78089,6,11259,-1071607778,0
VIC,,,Cape Schanck,3939,,,,,78089,6,11259,-1071607778,0
VIC,,,Cardigan Village,3352,,,,,76135,6,9418,-1071607778,0
VIC,,,Cardigan Village,3352,,,,,76135,6,9418,-1071607778,0
VIC,,,Cardigan Village,3352,,,,,76135,6,9418,-1071607778,0
VIC,,,Cardigan Village,3352,,,,,76135,6,9418,-1071607778,0
VIC,,,Cardigan Village,3352,,,,,76135,6,9418,-1071607778,0
VIC,,,Carrum,3197,,,,,75575,6,9553,-1071607778,0
VIC,,,Carrum,3197,,,,,75575,6,9553,-1071607778,0
VIC,,,Carrum,3197,,,,,75575,6,9553,-1071607778,0
VIC,,,Carrum,3197,,,,,75575,6,9553,-1071607778,0
VIC,,,Carrum,3197,,,,,75575,6,9553,-1071607778,0
VIC,,,Caulfield,3162,,,,,75492,6,9961,-1071607778,0
VIC,,,Caulfield,3162,,,,,75492,6,9961,-1071607778,0
VIC,,,Caulfield,3162,,,,,75492,6,9961,-1071607778,0
VIC,,,Caulfield,3162,,,,,75492,6,9961,-1071607778,0
VIC,,,Caulfield,3162,,,,,75492,6,9961,-1071607778,0
VIC,,,Cheltenham East,3192,,,,,75555,6,9249,-1071607778,0
VIC,,,Cheltenham East,3192,,,,,75555,6,9249,-1071607778,0
VIC,,,Cheltenham East,3192,,,,,75555,6,9249,-1071607778,0
VIC,,,Cheltenham East,3192,,,,,75555,6,9249,-1071607778,0
VIC,,,Cheltenham East,3192,,,,,75555,6,9249,-1071607778,0
VIC,,,Cheltenham North,3192,,,,,75556,6,9249,-1071607778,0
VIC,,,Cheltenham North,3192,,,,,75556,6,9249,-1071607778,0
VIC,,,Cheltenham North,3192,,,,,75556,6,9249,-1071607778,0
VIC,,,Cheltenham North,3192,,,,,75556,6,9249,-1071607778,0
VIC,,,Cheltenham North,3192,,,,,75556,6,9249,-1071607778,0
VIC,,,Cobram,3643,,,,,77198,6,14969,-1071607778,0
VIC,,,Cobram,3643,,,,,77198,6,14969,-1071607778,0
VIC,,,Cobram,3643,,,,,77198,6,14969,-1071607778,0
VIC,,,Cobram,3643,,,,,77198,6,14969,-1071607778,0
VIC,,,Cobram,3643,,,,,77198,6,14969,-1071607778,0
VIC,,,Coburg North,3058,,,,,75272,6,8958,-1071607778,0
VIC,,,Coburg North,3058,,,,,75272,6,8958,-1071607778,0
VIC,,,Coburg North,3058,,,,,75272,6,8958,-1071607778,0
VIC,,,Coburg North,3058,,,,,75272,6,8958,-1071607778,0
VIC,,,Coburg North,3058,,,,,75272,6,8958,-1071607778,0
VIC,,,Connewarre,3227,,,,,75669,6,19944,-1071607778,0
VIC,,,Connewarre,3227,,,,,75669,6,19944,-1071607778,0
VIC,,,Connewarre,3227,,,,,75669,6,19944,-1071607778,0
VIC,,,Connewarre,3227,,,,,75669,6,19944,-1071607778,0
VIC,,,Connewarre,3227,,,,,75669,6,19944,-1071607778,0
VIC,,,Coronet Bay,3984,,,,,78230,6,14821,-1071607778,0
VIC,,,Coronet Bay,3984,,,,,78230,6,14821,-1071607778,0
VIC,,,Coronet Bay,3984,,,,,78230,6,14821,-1071607778,0
VIC,,,Coronet Bay,3984,,,,,78230,6,14821,-1071607778,0
VIC,,,Coronet Bay,3984,,,,,78230,6,14821,-1071607778,0
VIC,,,Cremorne,3121,,,,,75376,6,10024,-1071607778,0
VIC,,,Cremorne,3121,,,,,75376,6,10024,-1071607778,0
VIC,,,Cremorne,3121,,,,,75376,6,10024,-1071607778,0
VIC,,,Cremorne,3121,,,,,75376,6,10024,-1071607778,0
VIC,,,Cremorne,3121,,,,,75376,6,10024,-1071607778,0
VIC,,,Croydon North,3136,,,,,75430,6,9033,-1071607778,0
VIC,,,Croydon North,3136,,,,,75430,6,9033,-1071607778,0
VIC,,,Croydon North,3136,,,,,75430,6,9033,-1071607778,0
VIC,,,Croydon North,3136,,,,,75430,6,9033,-1071607778,0
VIC,,,Croydon North,3136,,,,,75430,6,9033,-1071607778,0
VIC,,,Curlewis,3222,,,,,75654,6,19985,-1071607778,0
VIC,,,Curlewis,3222,,,,,75654,6,19985,-1071607778,0
VIC,,,Curlewis,3222,,,,,75654,6,19985,-1071607778,0
VIC,,,Curlewis,3222,,,,,75654,6,19985,-1071607778,0
VIC,,,Curlewis,3222,,,,,75654,6,19985,-1071607778,0
VIC,,,Darley,3340,,,,,76051,6,16977,-1071607778,0
VIC,,,Darley,3340,,,,,76051,6,16977,-1071607778,0
VIC,,,Darley,3340,,,,,76051,6,16977,-1071607778,0
VIC,,,Darley,3340,,,,,76051,6,16977,-1071607778,0
VIC,,,Darley,3340,,,,,76051,6,16977,-1071607778,0
VIC,,,Eaglemont,3084,,,,,75324,6,8980,-1071607778,0
VIC,,,Eaglemont,3084,,,,,75324,6,8980,-1071607778,0
VIC,,,Eaglemont,3084,,,,,75324,6,8980,-1071607778,0
VIC,,,Eaglemont,3084,,,,,75324,6,8980,-1071607778,0
VIC,,,Eaglemont,3084,,,,,75324,6,8980,-1071607778,0
VIC,,,East Bairnsdale,3875,,,,,77905,6,14092,-1071607778,0
VIC,,,East Bairnsdale,3875,,,,,77905,6,14092,-1071607778,0
VIC,,,East Bairnsdale,3875,,,,,77905,6,14092,-1071607778,0
VIC,,,East Bairnsdale,3875,,,,,77905,6,14092,-1071607778,0
VIC,,,East Bairnsdale,3875,,,,,77905,6,14092,-1071607778,0
VIC,,,East Bendigo,3550,,,,,76871,6,14045,-1071607778,0
VIC,,,East Bendigo,3550,,,,,76871,6,14045,-1071607778,0
VIC,,,East Bendigo,3550,,,,,76871,6,14045,-1071607778,0
VIC,,,East Bendigo,3550,,,,,76871,6,14045,-1071607778,0
VIC,,,East Bendigo,3550,,,,,76871,6,14045,-1071607778,0
VIC,,,East Melbourne,3002,,,,,75144,6,15190,-1071607778,0
VIC,,,East Melbourne,3002,,,,,75144,6,15190,-1071607778,0
VIC,,,East Melbourne,3002,,,,,75144,6,15190,-1071607778,0
VIC,,,East Melbourne,3002,,,,,75144,6,15190,-1071607778,0
VIC,,,East Melbourne,3002,,,,,75144,6,15190,-1071607778,0
VIC,,,East Warburton,3799,,,,,77641,6,18106,-1071607778,0
VIC,,,East Warburton,3799,,,,,77641,6,18106,-1071607778,0
VIC,,,East Warburton,3799,,,,,77641,6,18106,-1071607778,0
VIC,,,East Warburton,3799,,,,,77641,6,18106,-1071607778,0
VIC,,,East Warburton,3799,,,,,77641,6,18106,-1071607778,0
VIC,,,Essendon West,3040,,,,,75230,6,9032,-1071607778,0
VIC,,,Essendon West,3040,,,,,75230,6,9032,-1071607778,0
VIC,,,Essendon West,3040,,,,,75230,6,9032,-1071607778,0
VIC,,,Essendon West,3040,,,,,75230,6,9032,-1071607778,0
VIC,,,Essendon West,3040,,,,,75230,6,9032,-1071607778,0
VIC,,,Eumemmerring,3177,,,,,75527,6,11691,-1071607778,0
VIC,,,Eumemmerring,3177,,,,,75527,6,11691,-1071607778,0
VIC,,,Eumemmerring,3177,,,,,75527,6,11691,-1071607778,0
VIC,,,Eumemmerring,3177,,,,,75527,6,11691,-1071607778,0
VIC,,,Eumemmerring,3177,,,,,75527,6,11691,-1071607778,0
VIC,,,Eureka,3350,,,,,76084,6,14070,-1071607778,0
VIC,,,Eureka,3350,,,,,76084,6,14070,-1071607778,0
VIC,,,Eureka,3350,,,,,76084,6,14070,-1071607778,0
VIC,,,Eureka,3350,,,,,76084,6,14070,-1071607778,0
VIC,,,Eureka,3350,,,,,76084,6,14070,-1071607778,0
VIC,,,Eynesbury,3338,,,,,76045,6,9228,-1071607778,0
VIC,,,Eynesbury,3338,,,,,76045,6,9228,-1071607778,0
VIC,,,Eynesbury,3338,,,,,76045,6,9228,-1071607778,0
VIC,,,Eynesbury,3338,,,,,76045,6,9228,-1071607778,0
VIC,,,Eynesbury,3338,,,,,76045,6,9228,-1071607778,0
VIC,,,Fairhaven,3231,,,,,75678,6,15046,-1071607778,0
VIC,,,Fairhaven,3231,,,,,75678,6,15046,-1071607778,0
VIC,,,Fairhaven,3231,,,,,75678,6,15046,-1071607778,0
VIC,,,Fairhaven,3231,,,,,75678,6,15046,-1071607778,0
VIC,,,Fairhaven,3231,,,,,75678,6,15046,-1071607778,0
VIC,,,Fingal,3939,,,,,78090,6,11259,-1071607778,0
VIC,,,Fingal,3939,,,,,78090,6,11259,-1071607778,0
VIC,,,Fingal,3939,,,,,78090,6,11259,-1071607778,0
VIC,,,Fingal,3939,,,,,78090,6,11259,-1071607778,0
VIC,,,Fingal,3939,,,,,78090,6,11259,-1071607778,0
VIC,,,Flinders,3929,,,,,78076,6,11755,-1071607778,0
VIC,,,Flinders,3929,,,,,78076,6,11755,-1071607778,0
VIC,,,Flinders,3929,,,,,78076,6,11755,-1071607778,0
VIC,,,Flinders,3929,,,,,78076,6,11755,-1071607778,0
VIC,,,Flinders,3929,,,,,78076,6,11755,-1071607778,0
VIC,,,Flora Hill,3550,,,,,76872,6,14045,-1071607778,0
VIC,,,Flora Hill,3550,,,,,76872,6,14045,-1071607778,0
VIC,,,Flora Hill,3550,,,,,76872,6,14045,-1071607778,0
VIC,,,Flora Hill,3550,,,,,76872,6,14045,-1071607778,0
VIC,,,Flora Hill,3550,,,,,76872,6,14045,-1071607778,0
VIC,,,Flowerdale,3658,,,,,77218,6,14983,-1071607778,0
VIC,,,Flowerdale,3658,,,,,77218,6,14983,-1071607778,0
VIC,,,Flowerdale,3658,,,,,77218,6,14983,-1071607778,0
VIC,,,Flowerdale,3658,,,,,77218,6,14983,-1071607778,0
VIC,,,Flowerdale,3658,,,,,77218,6,14983,-1071607778,0
VIC,,,Fyansford,3221,,,,,75638,6,15056,-1071607778,0
VIC,,,Fyansford,3221,,,,,75638,6,15056,-1071607778,0
VIC,,,Fyansford,3221,,,,,75638,6,15056,-1071607778,0
VIC,,,Fyansford,3221,,,,,75638,6,15056,-1071607778,0
VIC,,,Fyansford,3221,,,,,75638,6,15056,-1071607778,0
VIC,,,Garden City,3207,,,,,75596,6,8999,-1071607778,0
VIC,,,Garden City,3207,,,,,75596,6,8999,-1071607778,0
VIC,,,Garden City,3207,,,,,75596,6,8999,-1071607778,0
VIC,,,Garden City,3207,,,,,75596,6,8999,-1071607778,0
VIC,,,Garden City,3207,,,,,75596,6,8999,-1071607778,0
VIC,,,Golden Beach,3851,,,,,77816,6,22062,-1071607778,0
VIC,,,Golden Beach,3851,,,,,77816,6,22062,-1071607778,0
VIC,,,Golden Beach,3851,,,,,77816,6,22062,-1071607778,0
VIC,,,Golden Beach,3851,,,,,77816,6,22062,-1071607778,0
VIC,,,Golden Beach,3851,,,,,77816,6,22062,-1071607778,0
VIC,,,Golden Point,3350,,,,,76085,6,14070,-1071607778,0
VIC,,,Golden Point,3350,,,,,76085,6,14070,-1071607778,0
VIC,,,Golden Point,3350,,,,,76085,6,14070,-1071607778,0
VIC,,,Golden Point,3350,,,,,76085,6,14070,-1071607778,0
VIC,,,Golden Point,3350,,,,,76085,6,14070,-1071607778,0
VIC,,,Goughs Bay,3723,,,,,77471,6,15757,-1071607778,0
VIC,,,Goughs Bay,3723,,,,,77471,6,15757,-1071607778,0
VIC,,,Goughs Bay,3723,,,,,77471,6,15757,-1071607778,0
VIC,,,Goughs Bay,3723,,,,,77471,6,15757,-1071607778,0
VIC,,,Goughs Bay,3723,,,,,77471,6,15757,-1071607778,0
VIC,,,Gowanbrae,3043,,,,,75238,6,17246,-1071607778,0
VIC,,,Gowanbrae,3043,,,,,75238,6,17246,-1071607778,0
VIC,,,Gowanbrae,3043,,,,,75238,6,17246,-1071607778,0
VIC,,,Gowanbrae,3043,,,,,75238,6,17246,-1071607778,0
VIC,,,Gowanbrae,3043,,,,,75238,6,17246,-1071607778,0
VIC,,,Grantville,3984,,,,,78231,6,14821,-1071607778,0
VIC,,,Grantville,3984,,,,,78231,6,14821,-1071607778,0
VIC,,,Grantville,3984,,,,,78231,6,14821,-1071607778,0
VIC,,,Grantville,3984,,,,,78231,6,14821,-1071607778,0
VIC,,,Grantville,3984,,,,,78231,6,14821,-1071607778,0
VIC,,,Hampton East,3188,,,,,75548,6,9015,-1071607778,0
VIC,,,Hampton East,3188,,,,,75548,6,9015,-1071607778,0
VIC,,,Hampton East,3188,,,,,75548,6,9015,-1071607778,0
VIC,,,Hampton East,3188,,,,,75548,6,9015,-1071607778,0
VIC,,,Hampton East,3188,,,,,75548,6,9015,-1071607778,0
VIC,,,Heatherton,3202,,,,,75588,6,9276,-1071607778,0
VIC,,,Heatherton,3202,,,,,75588,6,9276,-1071607778,0
VIC,,,Heatherton,3202,,,,,75588,6,9276,-1071607778,0
VIC,,,Heatherton,3202,,,,,75588,6,9276,-1071607778,0
VIC,,,Heatherton,3202,,,,,75588,6,9276,-1071607778,0
VIC,,,Heidelberg Heights,3081,,,,,75317,6,8972,-1071607778,0
VIC,,,Heidelberg Heights,3081,,,,,75317,6,8972,-1071607778,0
VIC,,,Heidelberg Heights,3081,,,,,75317,6,8972,-1071607778,0
VIC,,,Heidelberg Heights,3081,,,,,75317,6,8972,-1071607778,0
VIC,,,Heidelberg Heights,3081,,,,,75317,6,8972,-1071607778,0
VIC,,,Hepburn Springs,3461,,,,,76534,6,17382,-1071607778,0
VIC,,,Hepburn Springs,3461,,,,,76534,6,17382,-1071607778,0
VIC,,,Hepburn Springs,3461,,,,,76534,6,17382,-1071607778,0
VIC,,,Hepburn Springs,3461,,,,,76534,6,17382,-1071607778,0
VIC,,,Hepburn Springs,3461,,,,,76534,6,17382,-1071607778,0
VIC,,,Horsham,3400,,,,,76350,6,15142,-1071607778,0
VIC,,,Horsham,3400,,,,,76350,6,15142,-1071607778,0
VIC,,,Horsham,3400,,,,,76350,6,15142,-1071607778,0
VIC,,,Horsham,3400,,,,,76350,6,15142,-1071607778,0
VIC,,,Horsham,3400,,,,,76350,6,15142,-1071607778,0
VIC,,,Huntingdale,3166,,,,,75502,6,9389,-1071607778,0
VIC,,,Huntingdale,3166,,,,,75502,6,9389,-1071607778,0
VIC,,,Huntingdale,3166,,,,,75502,6,9389,-1071607778,0
VIC,,,Huntingdale,3166,,,,,75502,6,9389,-1071607778,0
VIC,,,Huntingdale,3166,,,,,75502,6,9389,-1071607778,0
VIC,,,Indented Head,3223,,,,,75658,6,19169,-1071607778,0
VIC,,,Indented Head,3223,,,,,75658,6,19169,-1071607778,0
VIC,,,Indented Head,3223,,,,,75658,6,19169,-1071607778,0
VIC,,,Indented Head,3223,,,,,75658,6,19169,-1071607778,0
VIC,,,Indented Head,3223,,,,,75658,6,19169,-1071607778,0
VIC,,,Invermay Park,3350,,,,,76086,6,14070,-1071607778,0
VIC,,,Invermay Park,3350,,,,,76086,6,14070,-1071607778,0
VIC,,,Invermay Park,3350,,,,,76086,6,14070,-1071607778,0
VIC,,,Invermay Park,3350,,,,,76086,6,14070,-1071607778,0
VIC,,,Invermay Park,3350,,,,,76086,6,14070,-1071607778,0
VIC,,,Ironbark,3550,,,,,76873,6,14045,-1071607778,0
VIC,,,Ironbark,3550,,,,,76873,6,14045,-1071607778,0
VIC,,,Ironbark,3550,,,,,76873,6,14045,-1071607778,0
VIC,,,Ironbark,3550,,,,,76873,6,14045,-1071607778,0
VIC,,,Ironbark,3550,,,,,76873,6,14045,-1071607778,0
VIC,,,Jan Juc,3228,,,,,75672,6,15035,-1071607778,0
VIC,,,Jan Juc,3228,,,,,75672,6,15035,-1071607778,0
VIC,,,Jan Juc,3228,,,,,75672,6,15035,-1071607778,0
VIC,,,Jan Juc,3228,,,,,75672,6,15035,-1071607778,0
VIC,,,Jan Juc,3228,,,,,75672,6,15035,-1071607778,0
VIC,,,Junction Village,3977,,,,,78207,6,11541,-1071607778,0
VIC,,,Junction Village,3977,,,,,78207,6,11541,-1071607778,0
VIC,,,Junction Village,3977,,,,,78207,6,11541,-1071607778,0
VIC,,,Junction Village,3977,,,,,78207,6,11541,-1071607778,0
VIC,,,Junction Village,3977,,,,,78207,6,11541,-1071607778,0
VIC,,,Junortoun,3551,,,,,76895,6,13224,-1071607778,0
VIC,,,Junortoun,3551,,,,,76895,6,13224,-1071607778,0
VIC,,,Junortoun,3551,,,,,76895,6,13224,-1071607778,0
VIC,,,Junortoun,3551,,,,,76895,6,13224,-1071607778,0
VIC,,,Junortoun,3551,,,,,76895,6,13224,-1071607778,0
VIC,,,Kalimna,3909,,,,,78033,6,14150,-1071607778,0
VIC,,,Kalimna,3909,,,,,78033,6,14150,-1071607778,0
VIC,,,Kalimna,3909,,,,,78033,6,14150,-1071607778,0
VIC,,,Kalimna,3909,,,,,78033,6,14150,-1071607778,0
VIC,,,Kalimna,3909,,,,,78033,6,14150,-1071607778,0
VIC,,,Kalkallo,3064,,,,,75285,6,16834,-1071607778,0
VIC,,,Kalkallo,3064,,,,,75285,6,16834,-1071607778,0
VIC,,,Kalkallo,3064,,,,,75285,6,16834,-1071607778,0
VIC,,,Kalkallo,3064,,,,,75285,6,16834,-1071607778,0
VIC,,,Kalorama,3766,,,,,77596,6,29929,-1071607778,0
VIC,,,Kalorama,3766,,,,,77596,6,29929,-1071607778,0
VIC,,,Kalorama,3766,,,,,77596,6,29929,-1071607778,0
VIC,,,Kalorama,3766,,,,,77596,6,29929,-1071607778,0
VIC,,,Kalorama,3766,,,,,77596,6,29929,-1071607778,0
VIC,,,Keilor Lodge,3038,,,,,75224,6,9502,-1071607778,0
VIC,,,Keilor Lodge,3038,,,,,75224,6,9502,-1071607778,0
VIC,,,Keilor Lodge,3038,,,,,75224,6,9502,-1071607778,0
VIC,,,Keilor Lodge,3038,,,,,75224,6,9502,-1071607778,0
VIC,,,Keilor Lodge,3038,,,,,75224,6,9502,-1071607778,0
VIC,,,Keilor Park,3042,,,,,75235,6,15820,-1071607778,0
VIC,,,Keilor Park,3042,,,,,75235,6,15820,-1071607778,0
VIC,,,Keilor Park,3042,,,,,75235,6,15820,-1071607778,0
VIC,,,Keilor Park,3042,,,,,75235,6,15820,-1071607778,0
VIC,,,Keilor Park,3042,,,,,75235,6,15820,-1071607778,0
VIC,,,Kilcunda,3995,,,,,78256,6,14851,-1071607778,0
VIC,,,Kilcunda,3995,,,,,78256,6,14851,-1071607778,0
VIC,,,Kilcunda,3995,,,,,78256,6,14851,-1071607778,0
VIC,,,Kilcunda,3995,,,,,78256,6,14851,-1071607778,0
VIC,,,Kilcunda,3995,,,,,78256,6,14851,-1071607778,0
VIC,,,Kilsyth South,3137,,,,,75433,6,9166,-1071607778,0
VIC,,,Kilsyth South,3137,,,,,75433,6,9166,-1071607778,0
VIC,,,Kilsyth South,3137,,,,,75433,6,9166,-1071607778,0
VIC,,,Kilsyth South,3137,,,,,75433,6,9166,-1071607778,0
VIC,,,Kilsyth South,3137,,,,,75433,6,9166,-1071607778,0
VIC,,,Kurunjang,3337,,,,,76039,6,8931,-1071607778,0
VIC,,,Kurunjang,3337,,,,,76039,6,8931,-1071607778,0
VIC,,,Kurunjang,3337,,,,,76039,6,8931,-1071607778,0
VIC,,,Kurunjang,3337,,,,,76039,6,8931,-1071607778,0
VIC,,,Kurunjang,3337,,,,,76039,6,8931,-1071607778,0
VIC,,,Long Gully,3550,,,,,76875,6,14045,-1071607778,0
VIC,,,Long Gully,3550,,,,,76875,6,14045,-1071607778,0
VIC,,,Long Gully,3550,,,,,76875,6,14045,-1071607778,0
VIC,,,Long Gully,3550,,,,,76875,6,14045,-1071607778,0
VIC,,,Long Gully,3550,,,,,76875,6,14045,-1071607778,0
VIC,,,Lucknow,3875,,,,,77916,6,14092,-1071607778,0
VIC,,,Lucknow,3875,,,,,77916,6,14092,-1071607778,0
VIC,,,Lucknow,3875,,,,,77916,6,14092,-1071607778,0
VIC,,,Lucknow,3875,,,,,77916,6,14092,-1071607778,0
VIC,,,Lucknow,3875,,,,,77916,6,14092,-1071607778,0
VIC,,,Maddingley,3340,,,,,76055,6,16977,-1071607778,0
VIC,,,Maddingley,3340,,,,,76055,6,16977,-1071607778,0
VIC,,,Maddingley,3340,,,,,76055,6,16977,-1071607778,0
VIC,,,Maddingley,3340,,,,,76055,6,16977,-1071607778,0
VIC,,,Maddingley,3340,,,,,76055,6,16977,-1071607778,0
VIC,,,Maidstone,3012,,,,,75157,6,9141,-1071607778,0
VIC,,,Maidstone,3012,,,,,75157,6,9141,-1071607778,0
VIC,,,Maidstone,3012,,,,,75157,6,9141,-1071607778,0
VIC,,,Maidstone,3012,,,,,75157,6,9141,-1071607778,0
VIC,,,Maidstone,3012,,,,,75157,6,9141,-1071607778,0
VIC,,,Mansfield,3722,,,,,77463,6,15759,-1071607778,0
VIC,,,Mansfield,3722,,,,,77463,6,15759,-1071607778,0
VIC,,,Mansfield,3722,,,,,77463,6,15759,-1071607778,0
VIC,,,Mansfield,3722,,,,,77463,6,15759,-1071607778,0
VIC,,,Mansfield,3722,,,,,77463,6,15759,-1071607778,0
VIC,,,Mccrae,3938,,,,,78087,6,11199,-1071607778,0
VIC,,,Mccrae,3938,,,,,78087,6,11199,-1071607778,0
VIC,,,Mccrae,3938,,,,,78087,6,11199,-1071607778,0
VIC,,,Mccrae,3938,,,,,78087,6,11199,-1071607778,0
VIC,,,Mccrae,3938,,,,,78087,6,11199,-1071607778,0
VIC,,,Mckenzie Hill,3451,,,,,76502,6,14693,-1071607778,0
VIC,,,Mckenzie Hill,3451,,,,,76502,6,14693,-1071607778,0
VIC,,,Mckenzie Hill,3451,,,,,76502,6,14693,-1071607778,0
VIC,,,Mckenzie Hill,3451,,,,,76502,6,14693,-1071607778,0
VIC,,,Mckenzie Hill,3451,,,,,76502,6,14693,-1071607778,0
VIC,,,Mitchell Park,3352,,,,,76161,6,9418,-1071607778,0
VIC,,,Mitchell Park,3352,,,,,76161,6,9418,-1071607778,0
VIC,,,Mitchell Park,3352,,,,,76161,6,9418,-1071607778,0
VIC,,,Mitchell Park,3352,,,,,76161,6,9418,-1071607778,0
VIC,,,Mitchell Park,3352,,,,,76161,6,9418,-1071607778,0
VIC,,,Moggs Creek,3231,,,,,75679,6,15046,-1071607778,0
VIC,,,Moggs Creek,3231,,,,,75679,6,15046,-1071607778,0
VIC,,,Moggs Creek,3231,,,,,75679,6,15046,-1071607778,0
VIC,,,Moggs Creek,3231,,,,,75679,6,15046,-1071607778,0
VIC,,,Moggs Creek,3231,,,,,75679,6,15046,-1071607778,0
VIC,,,Mount Dandenong,3767,,,,,77597,6,17564,-1071607778,0
VIC,,,Mount Dandenong,3767,,,,,77597,6,17564,-1071607778,0
VIC,,,Mount Dandenong,3767,,,,,77597,6,17564,-1071607778,0
VIC,,,Mount Dandenong,3767,,,,,77597,6,17564,-1071607778,0
VIC,,,Mount Dandenong,3767,,,,,77597,6,17564,-1071607778,0
VIC,,,Mount Duneed,3216,,,,,75616,6,19720,-1071607778,0
VIC,,,Mount Duneed,3216,,,,,75616,6,19720,-1071607778,0
VIC,,,Mount Duneed,3216,,,,,75616,6,19720,-1071607778,0
VIC,,,Mount Duneed,3216,,,,,75616,6,19720,-1071607778,0
VIC,,,Mount Duneed,3216,,,,,75616,6,19720,-1071607778,0
VIC,,,Mount Helen,3350,,,,,76089,6,14070,-1071607778,0
VIC,,,Mount Helen,3350,,,,,76089,6,14070,-1071607778,0
VIC,,,Mount Helen,3350,,,,,76089,6,14070,-1071607778,0
VIC,,,Mount Helen,3350,,,,,76089,6,14070,-1071607778,0
VIC,,,Mount Helen,3350,,,,,76089,6,14070,-1071607778,0
VIC,,,Mount Pleasant,3350,,,,,76090,6,14070,-1071607778,0
VIC,,,Mount Pleasant,3350,,,,,76090,6,14070,-1071607778,0
VIC,,,Mount Pleasant,3350,,,,,76090,6,14070,-1071607778,0
VIC,,,Mount Pleasant,3350,,,,,76090,6,14070,-1071607778,0
VIC,,,Mount Pleasant,3350,,,,,76090,6,14070,-1071607778,0
VIC,,,Newington,3350,,,,,76092,6,14070,-1071607778,0
VIC,,,Newington,3350,,,,,76092,6,14070,-1071607778,0
VIC,,,Newington,3350,,,,,76092,6,14070,-1071607778,0
VIC,,,Newington,3350,,,,,76092,6,14070,-1071607778,0
VIC,,,Newington,3350,,,,,76092,6,14070,-1071607778,0
VIC,,,Newlands Arm,3875,,,,,77920,6,14092,-1071607778,0
VIC,,,Newlands Arm,3875,,,,,77920,6,14092,-1071607778,0
VIC,,,Newlands Arm,3875,,,,,77920,6,14092,-1071607778,0
VIC,,,Newlands Arm,3875,,,,,77920,6,14092,-1071607778,0
VIC,,,Newlands Arm,3875,,,,,77920,6,14092,-1071607778,0
VIC,,,Norlane,3214,,,,,75602,6,16992,-1071607778,0
VIC,,,Norlane,3214,,,,,75602,6,16992,-1071607778,0
VIC,,,Norlane,3214,,,,,75602,6,16992,-1071607778,0
VIC,,,Norlane,3214,,,,,75602,6,16992,-1071607778,0
VIC,,,Norlane,3214,,,,,75602,6,16992,-1071607778,0
VIC,,,North Bendigo,3550,,,,,76876,6,14045,-1071607778,0
VIC,,,North Bendigo,3550,,,,,76876,6,14045,-1071607778,0
VIC,,,North Bendigo,3550,,,,,76876,6,14045,-1071607778,0
VIC,,,North Bendigo,3550,,,,,76876,6,14045,-1071607778,0
VIC,,,North Bendigo,3550,,,,,76876,6,14045,-1071607778,0
VIC,,,North Wonthaggi,3995,,,,,78258,6,14851,-1071607778,0
VIC,,,North Wonthaggi,3995,,,,,78258,6,14851,-1071607778,0
VIC,,,North Wonthaggi,3995,,,,,78258,6,14851,-1071607778,0
VIC,,,North Wonthaggi,3995,,,,,78258,6,14851,-1071607778,0
VIC,,,North Wonthaggi,3995,,,,,78258,6,14851,-1071607778,0
VIC,,,Notting Hill,3168,,,,,75507,6,9730,-1071607778,0
VIC,,,Notting Hill,3168,,,,,75507,6,9730,-1071607778,0
VIC,,,Notting Hill,3168,,,,,75507,6,9730,-1071607778,0
VIC,,,Notting Hill,3168,,,,,75507,6,9730,-1071607778,0
VIC,,,Notting Hill,3168,,,,,75507,6,9730,-1071607778,0
VIC,,,Nyah,3594,,,,,77081,6,14640,-1071607778,0
VIC,,,Nyah,3594,,,,,77081,6,14640,-1071607778,0
VIC,,,Nyah,3594,,,,,77081,6,14640,-1071607778,0
VIC,,,Nyah,3594,,,,,77081,6,14640,-1071607778,0
VIC,,,Nyah,3594,,,,,77081,6,14640,-1071607778,0
VIC,,,Paradise Beach,3851,,,,,77823,6,22062,-1071607778,0
VIC,,,Paradise Beach,3851,,,,,77823,6,22062,-1071607778,0
VIC,,,Paradise Beach,3851,,,,,77823,6,22062,-1071607778,0
VIC,,,Paradise Beach,3851,,,,,77823,6,22062,-1071607778,0
VIC,,,Paradise Beach,3851,,,,,77823,6,22062,-1071607778,0
VIC,,,Peterborough,3270,,,,,75825,6,15068,-1071607778,0
VIC,,,Peterborough,3270,,,,,75825,6,15068,-1071607778,0
VIC,,,Peterborough,3270,,,,,75825,6,15068,-1071607778,0
VIC,,,Peterborough,3270,,,,,75825,6,15068,-1071607778,0
VIC,,,Peterborough,3270,,,,,75825,6,15068,-1071607778,0
VIC,,,Pioneer Bay,3984,,,,,78236,6,14821,-1071607778,0
VIC,,,Pioneer Bay,3984,,,,,78236,6,14821,-1071607778,0
VIC,,,Pioneer Bay,3984,,,,,78236,6,14821,-1071607778,0
VIC,,,Pioneer Bay,3984,,,,,78236,6,14821,-1071607778,0
VIC,,,Pioneer Bay,3984,,,,,78236,6,14821,-1071607778,0
VIC,,,Plenty,3090,,,,,75338,6,24295,-1071607778,0
VIC,,,Plenty,3090,,,,,75338,6,24295,-1071607778,0
VIC,,,Plenty,3090,,,,,75338,6,24295,-1071607778,0
VIC,,,Plenty,3090,,,,,75338,6,24295,-1071607778,0
VIC,,,Plenty,3090,,,,,75338,6,24295,-1071607778,0
VIC,,,Port Albert,3971,,,,,78190,6,14841,-1071607778,0
VIC,,,Port Albert,3971,,,,,78190,6,14841,-1071607778,0
VIC,,,Port Albert,3971,,,,,78190,6,14841,-1071607778,0
VIC,,,Port Albert,3971,,,,,78190,6,14841,-1071607778,0
VIC,,,Port Albert,3971,,,,,78190,6,14841,-1071607778,0
VIC,,,Portsea,3944,,,,,78098,6,10568,-1071607778,0
VIC,,,Portsea,3944,,,,,78098,6,10568,-1071607778,0
VIC,,,Portsea,3944,,,,,78098,6,10568,-1071607778,0
VIC,,,Portsea,3944,,,,,78098,6,10568,-1071607778,0
VIC,,,Portsea,3944,,,,,78098,6,10568,-1071607778,0
VIC,,,Prahran,3181,,,,,75531,6,9956,-1071607778,0
VIC,,,Prahran,3181,,,,,75531,6,9956,-1071607778,0
VIC,,,Prahran,3181,,,,,75531,6,9956,-1071607778,0
VIC,,,Prahran,3181,,,,,75531,6,9956,-1071607778,0
VIC,,,Prahran,3181,,,,,75531,6,9956,-1071607778,0
VIC,,,Ravenhall,3023,,,,,75188,6,10132,-1071607778,0
VIC,,,Ravenhall,3023,,,,,75188,6,10132,-1071607778,0
VIC,,,Ravenhall,3023,,,,,75188,6,10132,-1071607778,0
VIC,,,Ravenhall,3023,,,,,75188,6,10132,-1071607778,0
VIC,,,Ravenhall,3023,,,,,75188,6,10132,-1071607778,0
VIC,,,Raymond Island,3880,,,,,77932,6,17372,-1071607778,0
VIC,,,Raymond Island,3880,,,,,77932,6,17372,-1071607778,0
VIC,,,Raymond Island,3880,,,,,77932,6,17372,-1071607778,0
VIC,,,Raymond Island,3880,,,,,77932,6,17372,-1071607778,0
VIC,,,Raymond Island,3880,,,,,77932,6,17372,-1071607778,0
VIC,,,Rhyll,3923,,,,,78065,6,24364,-1071607778,0
VIC,,,Rhyll,3923,,,,,78065,6,24364,-1071607778,0
VIC,,,Rhyll,3923,,,,,78065,6,24364,-1071607778,0
VIC,,,Rhyll,3923,,,,,78065,6,24364,-1071607778,0
VIC,,,Rhyll,3923,,,,,78065,6,24364,-1071607778,0
VIC,,,Rippleside,3215,,,,,75610,6,16411,-1071607778,0
VIC,,,Rippleside,3215,,,,,75610,6,16411,-1071607778,0
VIC,,,Rippleside,3215,,,,,75610,6,16411,-1071607778,0
VIC,,,Rippleside,3215,,,,,75610,6,16411,-1071607778,0
VIC,,,Rippleside,3215,,,,,75610,6,16411,-1071607778,0
VIC,,,Rockbank,3335,,,,,76038,6,16787,-1071607778,0
VIC,,,Rockbank,3335,,,,,76038,6,16787,-1071607778,0
VIC,,,Rockbank,3335,,,,,76038,6,16787,-1071607778,0
VIC,,,Rockbank,3335,,,,,76038,6,16787,-1071607778,0
VIC,,,Rockbank,3335,,,,,76038,6,16787,-1071607778,0
VIC,,,Safety Beach,3936,,,,,78084,6,11187,-1071607778,0
VIC,,,Safety Beach,3936,,,,,78084,6,11187,-1071607778,0
VIC,,,Safety Beach,3936,,,,,78084,6,11187,-1071607778,0
VIC,,,Safety Beach,3936,,,,,78084,6,11187,-1071607778,0
VIC,,,Safety Beach,3936,,,,,78084,6,11187,-1071607778,0
VIC,,,Sailors Gully,3556,,,,,76932,6,14046,-1071607778,0
VIC,,,Sailors Gully,3556,,,,,76932,6,14046,-1071607778,0
VIC,,,Sailors Gully,3556,,,,,76932,6,14046,-1071607778,0
VIC,,,Sailors Gully,3556,,,,,76932,6,14046,-1071607778,0
VIC,,,Sailors Gully,3556,,,,,76932,6,14046,-1071607778,0
VIC,,,Sandhurst,3977,,,,,78208,6,11541,-1071607778,0
VIC,,,Sandhurst,3977,,,,,78208,6,11541,-1071607778,0
VIC,,,Sandhurst,3977,,,,,78208,6,11541,-1071607778,0
VIC,,,Sandhurst,3977,,,,,78208,6,11541,-1071607778,0
VIC,,,Sandhurst,3977,,,,,78208,6,11541,-1071607778,0
VIC,,,Sandy Point,3959,,,,,78148,6,14835,-1071607778,0
VIC,,,Sandy Point,3959,,,,,78148,6,14835,-1071607778,0
VIC,,,Sandy Point,3959,,,,,78148,6,14835,-1071607778,0
VIC,,,Sandy Point,3959,,,,,78148,6,14835,-1071607778,0
VIC,,,Sandy Point,3959,,,,,78148,6,14835,-1071607778,0
VIC,,,Sawmill Settlement,3723,,,,,77486,6,15757,-1071607778,0
VIC,,,Sawmill Settlement,3723,,,,,77486,6,15757,-1071607778,0
VIC,,,Sawmill Settlement,3723,,,,,77486,6,15757,-1071607778,0
VIC,,,Sawmill Settlement,3723,,,,,77486,6,15757,-1071607778,0
VIC,,,Sawmill Settlement,3723,,,,,77486,6,15757,-1071607778,0
VIC,,,Seddon,3011,,,,,75152,6,8989,-1071607778,0
VIC,,,Seddon,3011,,,,,75152,6,8989,-1071607778,0
VIC,,,Seddon,3011,,,,,75152,6,8989,-1071607778,0
VIC,,,Seddon,3011,,,,,75152,6,8989,-1071607778,0
VIC,,,Seddon,3011,,,,,75152,6,8989,-1071607778,0
VIC,,,Seville East,3139,,,,,75440,6,18741,-1071607778,0
VIC,,,Seville East,3139,,,,,75440,6,18741,-1071607778,0
VIC,,,Seville East,3139,,,,,75440,6,18741,-1071607778,0
VIC,,,Seville East,3139,,,,,75440,6,18741,-1071607778,0
VIC,,,Seville East,3139,,,,,75440,6,18741,-1071607778,0
VIC,,,Shoreham,3916,,,,,78051,6,11757,-1071607778,0
VIC,,,Shoreham,3916,,,,,78051,6,11757,-1071607778,0
VIC,,,Shoreham,3916,,,,,78051,6,11757,-1071607778,0
VIC,,,Shoreham,3916,,,,,78051,6,11757,-1071607778,0
VIC,,,Shoreham,3916,,,,,78051,6,11757,-1071607778,0
VIC,,,Silverleaves,3922,,,,,78057,6,14855,-1071607778,0
VIC,,,Silverleaves,3922,,,,,78057,6,14855,-1071607778,0
VIC,,,Silverleaves,3922,,,,,78057,6,14855,-1071607778,0
VIC,,,Silverleaves,3922,,,,,78057,6,14855,-1071607778,0
VIC,,,Silverleaves,3922,,,,,78057,6,14855,-1071607778,0
VIC,,,Skenes Creek,3233,,,,,75685,6,15059,-1071607778,0
VIC,,,Skenes Creek,3233,,,,,75685,6,15059,-1071607778,0
VIC,,,Skenes Creek,3233,,,,,75685,6,15059,-1071607778,0
VIC,,,Skenes Creek,3233,,,,,75685,6,15059,-1071607778,0
VIC,,,Skenes Creek,3233,,,,,75685,6,15059,-1071607778,0
VIC,,,Skye,3977,,,,,78209,6,11541,-1071607778,0
VIC,,,Skye,3977,,,,,78209,6,11541,-1071607778,0
VIC,,,Skye,3977,,,,,78209,6,11541,-1071607778,0
VIC,,,Skye,3977,,,,,78209,6,11541,-1071607778,0
VIC,,,Skye,3977,,,,,78209,6,11541,-1071607778,0
VIC,,,Smiths Beach,3922,,,,,78058,6,14855,-1071607778,0
VIC,,,Smiths Beach,3922,,,,,78058,6,14855,-1071607778,0
VIC,,,Smiths Beach,3922,,,,,78058,6,14855,-1071607778,0
VIC,,,Smiths Beach,3922,,,,,78058,6,14855,-1071607778,0
VIC,,,Smiths Beach,3922,,,,,78058,6,14855,-1071607778,0
VIC,,,South Dudley,3995,,,,,78260,6,14851,-1071607778,0
VIC,,,South Dudley,3995,,,,,78260,6,14851,-1071607778,0
VIC,,,South Dudley,3995,,,,,78260,6,14851,-1071607778,0
VIC,,,South Dudley,3995,,,,,78260,6,14851,-1071607778,0
VIC,,,South Dudley,3995,,,,,78260,6,14851,-1071607778,0
VIC,,,South Kingsville,3015,,,,,75163,6,15811,-1071607778,0
VIC,,,South Kingsville,3015,,,,,75163,6,15811,-1071607778,0
VIC,,,South Kingsville,3015,,,,,75163,6,15811,-1071607778,0
VIC,,,South Kingsville,3015,,,,,75163,6,15811,-1071607778,0
VIC,,,South Kingsville,3015,,,,,75163,6,15811,-1071607778,0
VIC,,,Spring Gully,3550,,,,,76878,6,14045,-1071607778,0
VIC,,,Spring Gully,3550,,,,,76878,6,14045,-1071607778,0
VIC,,,Spring Gully,3550,,,,,76878,6,14045,-1071607778,0
VIC,,,Spring Gully,3550,,,,,76878,6,14045,-1071607778,0
VIC,,,Spring Gully,3550,,,,,76878,6,14045,-1071607778,0
VIC,,,St Albans Park,3219,,,,,75626,6,19175,-1071607778,0
VIC,,,St Albans Park,3219,,,,,75626,6,19175,-1071607778,0
VIC,,,St Albans Park,3219,,,,,75626,6,19175,-1071607778,0
VIC,,,St Albans Park,3219,,,,,75626,6,19175,-1071607778,0
VIC,,,St Albans Park,3219,,,,,75626,6,19175,-1071607778,0
VIC,,,St Andrews Beach,3941,,,,,78094,6,11236,-1071607778,0
VIC,,,St Andrews Beach,3941,,,,,78094,6,11236,-1071607778,0
VIC,,,St Andrews Beach,3941,,,,,78094,6,11236,-1071607778,0
VIC,,,St Andrews Beach,3941,,,,,78094,6,11236,-1071607778,0
VIC,,,St Andrews Beach,3941,,,,,78094,6,11236,-1071607778,0
VIC,,,St Kilda West,3182,,,,,75535,6,9011,-1071607778,0
VIC,,,St Kilda West,3182,,,,,75535,6,9011,-1071607778,0
VIC,,,St Kilda West,3182,,,,,75535,6,9011,-1071607778,0
VIC,,,St Kilda West,3182,,,,,75535,6,9011,-1071607778,0
VIC,,,St Kilda West,3182,,,,,75535,6,9011,-1071607778,0
VIC,,,Strathmore Heights,3041,,,,,75233,6,16355,-1071607778,0
VIC,,,Strathmore Heights,3041,,,,,75233,6,16355,-1071607778,0
VIC,,,Strathmore Heights,3041,,,,,75233,6,16355,-1071607778,0
VIC,,,Strathmore Heights,3041,,,,,75233,6,16355,-1071607778,0
VIC,,,Strathmore Heights,3041,,,,,75233,6,16355,-1071607778,0
VIC,,,Sunderland Bay,3922,,,,,78060,6,14855,-1071607778,0
VIC,,,Sunderland Bay,3922,,,,,78060,6,14855,-1071607778,0
VIC,,,Sunderland Bay,3922,,,,,78060,6,14855,-1071607778,0
VIC,,,Sunderland Bay,3922,,,,,78060,6,14855,-1071607778,0
VIC,,,Sunderland Bay,3922,,,,,78060,6,14855,-1071607778,0
VIC,,,Sunset Strip,3922,,,,,78061,6,14855,-1071607778,0
VIC,,,Sunset Strip,3922,,,,,78061,6,14855,-1071607778,0
VIC,,,Sunset Strip,3922,,,,,78061,6,14855,-1071607778,0
VIC,,,Sunset Strip,3922,,,,,78061,6,14855,-1071607778,0
VIC,,,Sunset Strip,3922,,,,,78061,6,14855,-1071607778,0
VIC,,,Surf Beach,3922,,,,,78062,6,14855,-1071607778,0
VIC,,,Surf Beach,3922,,,,,78062,6,14855,-1071607778,0
VIC,,,Surf Beach,3922,,,,,78062,6,14855,-1071607778,0
VIC,,,Surf Beach,3922,,,,,78062,6,14855,-1071607778,0
VIC,,,Surf Beach,3922,,,,,78062,6,14855,-1071607778,0
VIC,,,Syndal,3149,,,,,75467,6,10524,-1071607778,0
VIC,,,Syndal,3149,,,,,75467,6,10524,-1071607778,0
VIC,,,Syndal,3149,,,,,75467,6,10524,-1071607778,0
VIC,,,Syndal,3149,,,,,75467,6,10524,-1071607778,0
VIC,,,Syndal,3149,,,,,75467,6,10524,-1071607778,0
VIC,,,Thomson,3219,,,,,75627,6,19175,-1071607778,0
VIC,,,Thomson,3219,,,,,75627,6,19175,-1071607778,0
VIC,,,Thomson,3219,,,,,75627,6,19175,-1071607778,0
VIC,,,Thomson,3219,,,,,75627,6,19175,-1071607778,0
VIC,,,Thomson,3219,,,,,75627,6,19175,-1071607778,0
VIC,,,Traralgon East,3844,,,,,77793,6,14084,-1071607778,0
VIC,,,Traralgon East,3844,,,,,77793,6,14084,-1071607778,0
VIC,,,Traralgon East,3844,,,,,77793,6,14084,-1071607778,0
VIC,,,Traralgon East,3844,,,,,77793,6,14084,-1071607778,0
VIC,,,Traralgon East,3844,,,,,77793,6,14084,-1071607778,0
VIC,,,Ventnor,3922,,,,,78063,6,14855,-1071607778,0
VIC,,,Ventnor,3922,,,,,78063,6,14855,-1071607778,0
VIC,,,Ventnor,3922,,,,,78063,6,14855,-1071607778,0
VIC,,,Ventnor,3922,,,,,78063,6,14855,-1071607778,0
VIC,,,Ventnor,3922,,,,,78063,6,14855,-1071607778,0
VIC,,,Venus Bay,3956,,,,,78139,6,14831,-1071607778,0
VIC,,,Venus Bay,3956,,,,,78139,6,14831,-1071607778,0
VIC,,,Venus Bay,3956,,,,,78139,6,14831,-1071607778,0
VIC,,,Venus Bay,3956,,,,,78139,6,14831,-1071607778,0
VIC,,,Venus Bay,3956,,,,,78139,6,14831,-1071607778,0
VIC,,,Wallan East,3756,,,,,77573,6,14701,-1071607778,0
VIC,,,Wallan East,3756,,,,,77573,6,14701,-1071607778,0
VIC,,,Wallan East,3756,,,,,77573,6,14701,-1071607778,0
VIC,,,Wallan East,3756,,,,,77573,6,14701,-1071607778,0
VIC,,,Wallan East,3756,,,,,77573,6,14701,-1071607778,0
VIC,,,Wandana Heights,3216,,,,,75617,6,19720,-1071607778,0
VIC,,,Wandana Heights,3216,,,,,75617,6,19720,-1071607778,0
VIC,,,Wandana Heights,3216,,,,,75617,6,19720,-1071607778,0
VIC,,,Wandana Heights,3216,,,,,75617,6,19720,-1071607778,0
VIC,,,Wandana Heights,3216,,,,,75617,6,19720,-1071607778,0
VIC,,,Warneet,3980,,,,,78219,6,13988,-1071607778,0
VIC,,,Warneet,3980,,,,,78219,6,13988,-1071607778,0
VIC,,,Warneet,3980,,,,,78219,6,13988,-1071607778,0
VIC,,,Warneet,3980,,,,,78219,6,13988,-1071607778,0
VIC,,,Warneet,3980,,,,,78219,6,13988,-1071607778,0
VIC,,,Waterways,3195,,,,,75570,6,10422,-1071607778,0
VIC,,,Waterways,3195,,,,,75570,6,10422,-1071607778,0
VIC,,,Waterways,3195,,,,,75570,6,10422,-1071607778,0
VIC,,,Waterways,3195,,,,,75570,6,10422,-1071607778,0
VIC,,,Waterways,3195,,,,,75570,6,10422,-1071607778,0
VIC,,,Wattle Glen,3096,,,,,75345,6,16795,-1071607778,0
VIC,,,Wattle Glen,3096,,,,,75345,6,16795,-1071607778,0
VIC,,,Wattle Glen,3096,,,,,75345,6,16795,-1071607778,0
VIC,,,Wattle Glen,3096,,,,,75345,6,16795,-1071607778,0
VIC,,,Wattle Glen,3096,,,,,75345,6,16795,-1071607778,0
VIC,,,Werribee South,3030,,,,,75208,6,10351,-1071607778,0
VIC,,,Werribee South,3030,,,,,75208,6,10351,-1071607778,0
VIC,,,Werribee South,3030,,,,,75208,6,10351,-1071607778,0
VIC,,,Werribee South,3030,,,,,75208,6,10351,-1071607778,0
VIC,,,Werribee South,3030,,,,,75208,6,10351,-1071607778,0
VIC,,,Wesburn,3799,,,,,77646,6,18106,-1071607778,0
VIC,,,Wesburn,3799,,,,,77646,6,18106,-1071607778,0
VIC,,,Wesburn,3799,,,,,77646,6,18106,-1071607778,0
VIC,,,Wesburn,3799,,,,,77646,6,18106,-1071607778,0
VIC,,,Wesburn,3799,,,,,77646,6,18106,-1071607778,0
VIC,,,Westmeadows,3049,,,,,75253,6,16855,-1071607778,0
VIC,,,Westmeadows,3049,,,,,75253,6,16855,-1071607778,0
VIC,,,Westmeadows,3049,,,,,75253,6,16855,-1071607778,0
VIC,,,Westmeadows,3049,,,,,75253,6,16855,-1071607778,0
VIC,,,Westmeadows,3049,,,,,75253,6,16855,-1071607778,0
VIC,,,Williamstown North,3016,,,,,75166,6,13219,-1071607778,0
VIC,,,Williamstown North,3016,,,,,75166,6,13219,-1071607778,0
VIC,,,Williamstown North,3016,,,,,75166,6,13219,-1071607778,0
VIC,,,Williamstown North,3016,,,,,75166,6,13219,-1071607778,0
VIC,,,Williamstown North,3016,,,,,75166,6,13219,-1071607778,0
VIC,,,Wimbledon Heights,3922,,,,,78064,6,14855,-1071607778,0
VIC,,,Wimbledon Heights,3922,,,,,78064,6,14855,-1071607778,0
VIC,,,Wimbledon Heights,3922,,,,,78064,6,14855,-1071607778,0
VIC,,,Wimbledon Heights,3922,,,,,78064,6,14855,-1071607778,0
VIC,,,Wimbledon Heights,3922,,,,,78064,6,14855,-1071607778,0
VIC,,,Wollert,3750,,,,,77560,6,26784,-1071607778,0
VIC,,,Wollert,3750,,,,,77560,6,26784,-1071607778,0
VIC,,,Wollert,3750,,,,,77560,6,26784,-1071607778,0
VIC,,,Wollert,3750,,,,,77560,6,26784,-1071607778,0
VIC,,,Wollert,3750,,,,,77560,6,26784,-1071607778,0
VIC,,,Wy Yung,3875,,,,,77927,6,14092,-1071607778,0
VIC,,,Wy Yung,3875,,,,,77927,6,14092,-1071607778,0
VIC,,,Wy Yung,3875,,,,,77927,6,14092,-1071607778,0
VIC,,,Wy Yung,3875,,,,,77927,6,14092,-1071607778,0
VIC,,,Wy Yung,3875,,,,,77927,6,14092,-1071607778,0
VIC,,,Wye River,3221,,,,,75652,6,15056,-1071607778,0
VIC,,,Wye River,3221,,,,,75652,6,15056,-1071607778,0
VIC,,,Wye River,3221,,,,,75652,6,15056,-1071607778,0
VIC,,,Wye River,3221,,,,,75652,6,15056,-1071607778,0
VIC,,,Wye River,3221,,,,,75652,6,15056,-1071607778,0
WA,,,Alexander Heights,6064,,,,,83421,1,39882,-1071607778,0
WA,,,Alfred Cove,6154,,,,,83564,1,39442,-1071607778,0
WA,,,Alkimos,6038,,,,,83357,1,41797,-1071607778,0
WA,,,Anketell,6167,,,,,83607,1,39519,-1071607778,0
WA,,,Applecross,6153,,,,,83560,1,39441,-1071607778,0
WA,,,Ardross,6153,,,,,83561,1,39441,-1071607778,0
WA,,,Armadale,6112,,,,,83519,1,39396,-1071607778,0
WA,,,Ascot,6104,,,,,83491,1,39407,-1071607778,0
WA,,,Ashby,6065,,,,,83425,1,39858,-1071607778,0
WA,,,Ashfield,6054,,,,,83377,1,39682,-1071607778,0
WA,,,Attadale,6156,,,,,83570,1,39613,-1071607778,0
WA,,,Atwell,6164,,,,,83591,1,39402,-1071607778,0
WA,,,Aubin Grove,6164,,,,,83592,1,39402,-1071607778,0
WA,,,Aveley,6069,,,,,83445,1,39857,-1071607778,0
WA,,,Bailup,6082,,,,,83470,1,39855,-1071607778,0
WA,,,Balcatta,6021,,,,,83317,1,40444,-1071607778,0
WA,,,Balga,6061,,,,,83413,1,39919,-1071607778,0
WA,,,Ballajura,6066,,,,,83442,1,39875,-1071607778,0
WA,,,Banjup,6164,,,,,83593,1,39402,-1071607778,0
WA,,,Banksia Grove,6031,,,,,83347,1,40361,-1071607778,0
WA,,,Baskerville,6056,,,,,83388,1,39655,-1071607778,0
WA,,,Bassendean,6054,,,,,83378,1,39682,-1071607778,0
WA,,,Bateman,6150,,,,,83549,1,39478,-1071607778,0
WA,,,Bayswater,6053,,,,,83376,1,40312,-1071607778,0
WA,,,Beaconsfield,6162,,,,,83580,1,39428,-1071607778,0
WA,,,Beckenham,6107,,,,,83498,1,39473,-1071607778,0
WA,,,Bedford,6052,,,,,83374,1,40382,-1071607778,0
WA,,,Bedfordale,6112,,,,,83520,1,39396,-1071607778,0
WA,,,Beechboro,6063,,,,,83420,1,40458,-1071607778,0
WA,,,Beechina,6556,,,,,84721,1,39654,-1071607778,0
WA,,,Beeliar,6164,,,,,83594,1,39402,-1071607778,0
WA,,,Beldon,6027,,,,,83329,1,39860,-1071607778,0
WA,,,Belhus,6069,,,,,83446,1,39857,-1071607778,0
WA,,,Bellevue,6056,,,,,83389,1,39655,-1071607778,0
WA,,,Belmont,6104,,,,,83492,1,39407,-1071607778,0
WA,,,Bentley,6102,,,,,83487,1,39747,-1071607778,0
WA,,,Bertram,6167,,,,,83608,1,39519,-1071607778,0
WA,,,Bibra Lake,6163,,,,,83583,1,39404,-1071607778,0
WA,,,Bickley,6076,,,,,83457,1,39406,-1071607778,0
WA,,,Bicton,6157,,,,,83574,1,39448,-1071607778,0
WA,,,Booragoon,6154,,,,,83565,1,39442,-1071607778,0
WA,,,Boya,6056,,,,,83390,1,39655,-1071607778,0
WA,,,Brentwood,6153,,,,,83562,1,39441,-1071607778,0
WA,,,Brigadoon,6069,,,,,83447,1,39857,-1071607778,0
WA,,,Brookdale,6112,,,,,83521,1,39396,-1071607778,0
WA,,,Bull Creek,6149,,,,,83547,1,39482,-1071607778,0
WA,,,Bullsbrook,6084,,,,,83475,1,41086,-1071607778,0
WA,,,Burns Beach,6028,,,,,83336,1,39852,-1071607778,0
WA,,,Burswood,6100,,,,,83480,1,39423,-1071607778,0
WA,,,Butler,6036,,,,,83354,1,41128,-1071607778,0
WA,,,Byford,6122,,,,,83529,1,40831,-1071607778,0
WA,,,Calista,6167,,,,,83609,1,39519,-1071607778,0
WA,,,Canning Mills,6111,,,,,83513,1,39403,-1071607778,0
WA,,,Canning Vale,6155,,,,,83567,1,39477,-1071607778,0
WA,,,Cannington,6107,,,,,83499,1,39473,-1071607778,0
WA,,,Cardup,6122,,,,,83530,1,40831,-1071607778,0
WA,,,Carine,6020,,,,,83313,1,40495,-1071607778,0
WA,,,Carlisle,6101,,,,,83483,1,39720,-1071607778,0
WA,,,Carmel,6076,,,,,83458,1,39406,-1071607778,0
WA,,,Carramar,6031,,,,,83348,1,40361,-1071607778,0
WA,,,Casuarina,6167,,,,,83610,1,39519,-1071607778,0
WA,,,Caversham,6055,,,,,83382,1,39652,-1071607778,0
WA,,,Champion Lakes,6111,,,,,83514,1,39403,-1071607778,0
WA,,,Chidlow,6556,,,,,84722,1,39654,-1071607778,0
WA,,,Churchlands,6018,,,,,83305,1,39671,-1071607778,0
WA,,,City Beach,6015,,,,,83300,1,40322,-1071607778,0
WA,,,Claremont,6010,,,,,83289,1,39456,-1071607778,0
WA,,,Clarkson,6030,,,,,83341,1,40360,-1071607778,0
WA,,,Cloverdale,6105,,,,,83494,1,39644,-1071607778,0
WA,,,Cockburn Central,6164,,,,,83595,1,39402,-1071607778,0
WA,,,Como,6152,,,,,83555,1,39468,-1071607778,0
WA,,,Connolly,6027,,,,,83330,1,39860,-1071607778,0
WA,,,Coogee,6166,,,,,83603,1,39399,-1071607778,0
WA,,,Coolbellup,6163,,,,,83584,1,39404,-1071607778,0
WA,,,Coolbinia,6050,,,,,83370,1,39650,-1071607778,0
WA,,,Cooloongup,6168,,,,,83620,1,39515,-1071607778,0
WA,,,Cottesloe,6011,,,,,83294,1,40107,-1071607778,0
WA,,,Craigie,6025,,,,,83323,1,40508,-1071607778,0
WA,,,Crawley,6009,,,,,83286,1,39453,-1071607778,0
WA,,,Currambine,6028,,,,,83337,1,39852,-1071607778,0
WA,,,Daglish,6008,,,,,83281,1,39410,-1071607778,0
WA,,,Dalkeith,6009,,,,,83287,1,39453,-1071607778,0
WA,,,Darch,6065,,,,,83426,1,39858,-1071607778,0
WA,,,Darling Downs,6122,,,,,83531,1,40831,-1071607778,0
WA,,,Darlington,6070,,,,,83451,1,39687,-1071607778,0
WA,,,Dianella,6059,,,,,83408,1,40456,-1071607778,0
WA,,,Doubleview,6018,,,,,83306,1,39671,-1071607778,0
WA,,,Duncraig,6023,,,,,83320,1,39872,-1071607778,0
WA,,,East Cannington,6107,,,,,83500,1,39473,-1071607778,0
WA,,,East Fremantle,6158,,,,,83576,1,39615,-1071607778,0
WA,,,East Perth,6004,,,,,83275,1,39939,-1071607778,0
WA,,,East Rockingham,6168,,,,,83621,1,39515,-1071607778,0
WA,,,East Victoria Park,6101,,,,,83486,1,39720,-1071607778,0
WA,,,Eden Hill,6054,,,,,83379,1,39682,-1071607778,0
WA,,,Edgewater,6027,,,,,83331,1,39860,-1071607778,0
WA,,,Eglinton,6034,,,,,83352,1,40525,-1071607778,0
WA,,,Ellenbrook,6069,,,,,83448,1,39857,-1071607778,0
WA,,,Embleton,6062,,,,,83417,1,39666,-1071607778,0
WA,,,Ferndale,6148,,,,,83543,1,39443,-1071607778,0
WA,,,Floreat,6014,,,,,83297,1,39782,-1071607778,0
WA,,,Forrestdale,6112,,,,,83522,1,39396,-1071607778,0
WA,,,Forrestfield,6058,,,,,83407,1,39466,-1071607778,0
WA,,,Fremantle,6160,,,,,83578,1,39621,-1071607778,0
WA,,,Gidgegannup,6083,,,,,83472,1,40507,-1071607778,0
WA,,,Girrawheen,6064,,,,,83422,1,39882,-1071607778,0
WA,,,Glen Forrest,6071,,,,,83452,1,39670,-1071607778,0
WA,,,Glendalough,6016,,,,,83301,1,39899,-1071607778,0
WA,,,Gnangara,6065,,,,,83427,1,39858,-1071607778,0
WA,,,Golden Bay,6174,,,,,83636,1,40913,-1071607778,0
WA,,,Gooseberry Hill,6076,,,,,83459,1,39406,-1071607778,0
WA,,,Gosnells,6110,,,,,83508,1,39430,-1071607778,0
WA,,,Greenmount,6056,,,,,83391,1,39655,-1071607778,0
WA,,,Greenwood,6024,,,,,83321,1,40605,-1071607778,0
WA,,,Guildford,6055,,,,,83383,1,39652,-1071607778,0
WA,,,Gwelup,6018,,,,,83307,1,39671,-1071607778,0
WA,,,Hacketts Gully,6076,,,,,83460,1,39406,-1071607778,0
WA,,,Hamersley,6022,,,,,83319,1,40689,-1071607778,0
WA,,,Hamilton Hill,6163,,,,,83585,1,39404,-1071607778,0
WA,,,Hammond Park,6164,,,,,83596,1,39402,-1071607778,0
WA,,,Hazelmere,6055,,,,,83384,1,39652,-1071607778,0
WA,,,Heathridge,6027,,,,,83332,1,39860,-1071607778,0
WA,,,Helena Valley,6056,,,,,83392,1,39655,-1071607778,0
WA,,,Henderson,6166,,,,,83604,1,39399,-1071607778,0
WA,,,Henley Brook,6055,,,,,83385,1,39652,-1071607778,0
WA,,,Herdsman,6017,,,,,83303,1,40167,-1071607778,0
WA,,,Herne Hill,6056,,,,,83393,1,39655,-1071607778,0
WA,,,High Wycombe,6057,,,,,83405,1,39412,-1071607778,0
WA,,,Highgate,6003,,,,,83273,1,39783,-1071607778,0
WA,,,Hillarys,6025,,,,,83324,1,40508,-1071607778,0
WA,,,Hillman,6168,,,,,83623,1,39515,-1071607778,0
WA,,,Hocking,6065,,,,,83428,1,39858,-1071607778,0
WA,,,Hope Valley,6165,,,,,83601,1,39513,-1071607778,0
WA,,,Hopeland,6125,,,,,83536,1,40908,-1071607778,0
WA,,,Hovea,6071,,,,,83453,1,39670,-1071607778,0
WA,,,Huntingdale,6110,,,,,83509,1,39430,-1071607778,0
WA,,,Iluka,6028,,,,,83338,1,39852,-1071607778,0
WA,,,Inglewood,6052,,,,,83375,1,40382,-1071607778,0
WA,,,Innaloo,6018,,,,,83308,1,39671,-1071607778,0
WA,,,Jandabup,6065,,,,,83429,1,39858,-1071607778,0
WA,,,Jandakot,6164,,,,,83597,1,39402,-1071607778,0
WA,,,Jane Brook,6056,,,,,83394,1,39655,-1071607778,0
WA,,,Jarrahdale,6124,,,,,83535,1,40906,-1071607778,0
WA,,,Jindalee,6036,,,,,83355,1,41128,-1071607778,0
WA,,,Jolimont,6014,,,,,83299,1,39782,-1071607778,0
WA,,,Joondalup,6027,,,,,83333,1,39860,-1071607778,0
WA,,,Joondanna,6060,,,,,83410,1,39684,-1071607778,0
WA,,,Kalamunda,6076,,,,,83461,1,39406,-1071607778,0
WA,,,Kallaroo,6025,,,,,83325,1,40508,-1071607778,0
WA,,,Karawara,6152,,,,,83556,1,39468,-1071607778,0
WA,,,Kardinya,6163,,,,,83586,1,39404,-1071607778,0
WA,,,Karragullen,6111,,,,,83515,1,39403,-1071607778,0
WA,,,Karrakup,6122,,,,,83532,1,40831,-1071607778,0
WA,,,Karrinyup,6018,,,,,83309,1,39671,-1071607778,0
WA,,,Kelmscott,6111,,,,,83516,1,39403,-1071607778,0
WA,,,Kensington,6151,,,,,83552,1,39463,-1071607778,0
WA,,,Kenwick,6107,,,,,83501,1,39473,-1071607778,0
WA,,,Kewdale,6105,,,,,83495,1,39644,-1071607778,0
WA,,,Kiara,6054,,,,,83380,1,39682,-1071607778,0
WA,,,Kingsley,6026,,,,,83327,1,41222,-1071607778,0
WA,,,Kinross,6028,,,,,83339,1,39852,-1071607778,0
WA,,,Koondoola,6064,,,,,83423,1,39882,-1071607778,0
WA,,,Koongamia,6056,,,,,83395,1,39655,-1071607778,0
WA,,,Kwinana,6966,,,,,85020,1,39397,-1071607778,0
WA,,,Kwinana Beach,6167,,,,,83611,1,39519,-1071607778,0
WA,,,Kwinana Town Centre,6167,,,,,83612,1,39519,-1071607778,0
WA,,,Landsdale,6065,,,,,83431,1,39858,-1071607778,0
WA,,,Langford,6147,,,,,83540,1,39438,-1071607778,0
WA,,,Lathlain,6100,,,,,83481,1,39423,-1071607778,0
WA,,,Leda,6170,,,,,83631,1,39517,-1071607778,0
WA,,,Leederville,6007,,,,,83279,1,40177,-1071607778,0
WA,,,Leeming,6149,,,,,83548,1,39482,-1071607778,0
WA,,,Lesmurdie,6076,,,,,83462,1,39406,-1071607778,0
WA,,,Lexia,6065,,,,,83432,1,39858,-1071607778,0
WA,,,Lockridge,6054,,,,,83381,1,39682,-1071607778,0
WA,,,Lynwood,6147,,,,,83541,1,39438,-1071607778,0
WA,,,Maddington,6109,,,,,83506,1,39450,-1071607778,0
WA,,,Madeley,6065,,,,,83433,1,39858,-1071607778,0
WA,,,Mahogany Creek,6072,,,,,83454,1,40422,-1071607778,0
WA,,,Maida Vale,6057,,,,,83406,1,39412,-1071607778,0
WA,,,Malaga,6090,,,,,83479,1,40485,-1071607778,0
WA,,,Mandogalup,6167,,,,,83613,1,39519,-1071607778,0
WA,,,Manning,6152,,,,,83557,1,39468,-1071607778,0
WA,,,Marangaroo,6064,,,,,83424,1,39882,-1071607778,0
WA,,,Mardella,6125,,,,,83537,1,40908,-1071607778,0
WA,,,Mariginiup,6065,,,,,83434,1,39858,-1071607778,0
WA,,,Marmion,6020,,,,,83314,1,40495,-1071607778,0
WA,,,Martin,6110,,,,,83510,1,39430,-1071607778,0
WA,,,Medina,6167,,,,,83614,1,39519,-1071607778,0
WA,,,Melville,6156,,,,,83571,1,39613,-1071607778,0
WA,,,Menora,6050,,,,,83371,1,39650,-1071607778,0
WA,,,Merriwa,6030,,,,,83342,1,40360,-1071607778,0
WA,,,Middle Swan,6056,,,,,83396,1,39655,-1071607778,0
WA,,,Midland,6056,,,,,83397,1,39655,-1071607778,0
WA,,,Midvale,6056,,,,,83398,1,39655,-1071607778,0
WA,,,Millendon,6056,,,,,83399,1,39655,-1071607778,0
WA,,,Mindarie,6030,,,,,83343,1,40360,-1071607778,0
WA,,,Mirrabooka,6061,,,,,83414,1,39919,-1071607778,0
WA,,,Morley,6062,,,,,83418,1,39666,-1071607778,0
WA,,,Mosman Park,6012,,,,,83296,1,39425,-1071607778,0
WA,,,Mount Claremont,6010,,,,,83292,1,39456,-1071607778,0
WA,,,Mount Hawthorn,6016,,,,,83302,1,39899,-1071607778,0
WA,,,Mount Helena,6082,,,,,83471,1,39855,-1071607778,0
WA,,,Mount Lawley,6050,,,,,83372,1,39650,-1071607778,0
WA,,,Mount Nasura,6112,,,,,83523,1,39396,-1071607778,0
WA,,,Mount Pleasant,6153,,,,,83563,1,39441,-1071607778,0
WA,,,Mount Richon,6112,,,,,83524,1,39396,-1071607778,0
WA,,,Mullaloo,6027,,,,,83334,1,39860,-1071607778,0
WA,,,Mundaring,6073,,,,,83455,1,39898,-1071607778,0
WA,,,Mundijong,6123,,,,,83533,1,39987,-1071607778,0
WA,,,Munster,6166,,,,,83605,1,39399,-1071607778,0
WA,,,Murdoch,6150,,,,,83550,1,39478,-1071607778,0
WA,,,Myaree,6154,,,,,83566,1,39442,-1071607778,0
WA,,,Naval Base,6165,,,,,83602,1,39513,-1071607778,0
WA,,,Nedlands,6009,,,,,83288,1,39453,-1071607778,0
WA,,,Neerabup,6031,,,,,83349,1,40361,-1071607778,0
WA,,,Nollamara,6061,,,,,83415,1,39919,-1071607778,0
WA,,,Noranda,6062,,,,,83419,1,39666,-1071607778,0
WA,,,North Beach,6020,,,,,83315,1,40495,-1071607778,0
WA,,,North Fremantle,6159,,,,,83577,1,39553,-1071607778,0
WA,,,North Lake,6163,,,,,83587,1,39404,-1071607778,0
WA,,,North Perth,6006,,,,,83278,1,39458,-1071607778,0
WA,,,Northbridge,6003,,,,,83274,1,39783,-1071607778,0
WA,,,O'Connor,6163,,,,,83588,1,39404,-1071607778,0
WA,,,Oakford,6121,,,,,83527,1,39516,-1071607778,0
WA,,,Ocean Reef,6027,,,,,83335,1,39860,-1071607778,0
WA,,,Oldbury,6121,,,,,83528,1,39516,-1071607778,0
WA,,,Orange Grove,6109,,,,,83507,1,39450,-1071607778,0
WA,,,Orelia,6167,,,,,83615,1,39519,-1071607778,0
WA,,,Osborne Park,6017,,,,,83304,1,40167,-1071607778,0
WA,,,Padbury,6025,,,,,83326,1,40508,-1071607778,0
WA,,,Palmyra,6157,,,,,83575,1,39448,-1071607778,0
WA,,,Parkerville,6081,,,,,83468,1,40659,-1071607778,0
WA,,,Parkwood,6147,,,,,83542,1,39438,-1071607778,0
WA,,,Parmelia,6167,,,,,83616,1,39519,-1071607778,0
WA,,,Paulls Valley,6076,,,,,83463,1,39406,-1071607778,0
WA,,,Pearsall,6065,,,,,83436,1,39858,-1071607778,0
WA,,,Peppermint Grove,6011,,,,,83295,1,40107,-1071607778,0
WA,,,Perth,6000,,,,,83271,1,40307,-1071607778,0
WA,,,Perth Airport,6105,,,,,83496,1,39644,-1071607778,0
WA,,,Pickering Brook,6076,,,,,83464,1,39406,-1071607778,0
WA,,,Piesse Brook,6076,,,,,83465,1,39406,-1071607778,0
WA,,,Pinjar,6065,,,,,83437,1,39858,-1071607778,0
WA,,,Port Kennedy,6172,,,,,83634,1,42775,-1071607778,0
WA,,,Postans,6167,,,,,83617,1,39519,-1071607778,0
WA,,,Queens Park,6107,,,,,83502,1,39473,-1071607778,0
WA,,,Quinns Rocks,6030,,,,,83344,1,40360,-1071607778,0
WA,,,Red Hill,6056,,,,,83400,1,39655,-1071607778,0
WA,,,Redcliffe,6104,,,,,83493,1,39407,-1071607778,0
WA,,,Ridgewood,6030,,,,,83345,1,40360,-1071607778,0
WA,,,Riverton,6148,,,,,83544,1,39443,-1071607778,0
WA,,,Rivervale,6103,,,,,83490,1,39816,-1071607778,0
WA,,,Rockingham,6168,,,,,83625,1,39515,-1071607778,0
WA,,,Roleystone,6111,,,,,83517,1,39403,-1071607778,0
WA,,,Rossmoyne,6148,,,,,83545,1,39443,-1071607778,0
WA,,,Safety Bay,6169,,,,,83627,1,40898,-1071607778,0
WA,,,Salter Point,6152,,,,,83558,1,39468,-1071607778,0
WA,,,Samson,6163,,,,,83589,1,39404,-1071607778,0
WA,,,Sawyers Valley,6074,,,,,83456,1,41396,-1071607778,0
WA,,,Scarborough,6019,,,,,83311,1,39653,-1071607778,0
WA,,,Secret Harbour,6173,,,,,83635,1,40910,-1071607778,0
WA,,,Serpentine,6125,,,,,83538,1,40908,-1071607778,0
WA,,,Seville Grove,6112,,,,,83525,1,39396,-1071607778,0
WA,,,Shelley,6148,,,,,83546,1,39443,-1071607778,0
WA,,,Shenton Park,6008,,,,,83282,1,39410,-1071607778,0
WA,,,Shoalwater,6169,,,,,83628,1,40898,-1071607778,0
WA,,,Sinagra,6065,,,,,83438,1,39858,-1071607778,0
WA,,,Singleton,6175,,,,,83637,1,42423,-1071607778,0
WA,,,Sorrento,6020,,,,,83316,1,40495,-1071607778,0
WA,,,South Fremantle,6162,,,,,83581,1,39428,-1071607778,0
WA,,,South Guildford,6055,,,,,83386,1,39652,-1071607778,0
WA,,,South Lake,6164,,,,,83598,1,39402,-1071607778,0
WA,,,South Perth,6151,,,,,83553,1,39463,-1071607778,0
WA,,,Southern River,6110,,,,,83511,1,39430,-1071607778,0
WA,,,Spearwood,6163,,,,,83590,1,39404,-1071607778,0
WA,,,St James,6102,,,,,83489,1,39747,-1071607778,0
WA,,,Stirling,6021,,,,,83318,1,40444,-1071607778,0
WA,,,Stoneville,6081,,,,,83469,1,40659,-1071607778,0
WA,,,Stratton,6056,,,,,83401,1,39655,-1071607778,0
WA,,,Subiaco,6008,,,,,83283,1,39410,-1071607778,0
WA,,,Success,6164,,,,,83599,1,39402,-1071607778,0
WA,,,Swan View,6056,,,,,83402,1,39655,-1071607778,0
WA,,,Swanbourne,6010,,,,,83293,1,39456,-1071607778,0
WA,,,Tamala Park,6030,,,,,83346,1,40360,-1071607778,0
WA,,,Tapping,6065,,,,,83439,1,39858,-1071607778,0
WA,,,The Lakes,6556,,,,,84725,1,39654,-1071607778,0
WA,,,The Spectacles,6167,,,,,83618,1,39519,-1071607778,0
WA,,,The Vines,6069,,,,,83449,1,39857,-1071607778,0
WA,,,Thornlie,6108,,,,,83505,1,39440,-1071607778,0
WA,,,Trigg,6029,,,,,83340,1,41339,-1071607778,0
WA,,,Tuart Hill,6060,,,,,83411,1,39684,-1071607778,0
WA,,,Two Rocks,6037,,,,,83356,1,39830,-1071607778,0
WA,,,Upper Swan,6069,,,,,83450,1,39857,-1071607778,0
WA,,,Victoria Park,6100,,,,,83482,1,39423,-1071607778,0
WA,,,Viveash,6056,,,,,83403,1,39655,-1071607778,0
WA,,,Waikiki,6169,,,,,83629,1,40898,-1071607778,0
WA,,,Walliston,6076,,,,,83467,1,39406,-1071607778,0
WA,,,Wandi,6167,,,,,83619,1,39519,-1071607778,0
WA,,,Wangara,6065,,,,,83440,1,39858,-1071607778,0
WA,,,Wanneroo,6065,,,,,83441,1,39858,-1071607778,0
WA,,,Warnbro,6169,,,,,83630,1,40898,-1071607778,0
WA,,,Warwick,6024,,,,,83322,1,40605,-1071607778,0
WA,,,Waterford,6152,,,,,83559,1,39468,-1071607778,0
WA,,,Wattle Grove,6107,,,,,83503,1,39473,-1071607778,0
WA,,,Wattleup,6166,,,,,83606,1,39399,-1071607778,0
WA,,,Wellard,6170,,,,,83632,1,39517,-1071607778,0
WA,,,Welshpool,6106,,,,,83497,1,40128,-1071607778,0
WA,,,Wembley Downs,6019,,,,,83312,1,39653,-1071607778,0
WA,,,West Leederville,6007,,,,,83280,1,40177,-1071607778,0
WA,,,West Perth,6005,,,,,83277,1,39415,-1071607778,0
WA,,,West Swan,6055,,,,,83387,1,39652,-1071607778,0
WA,,,Westminster,6061,,,,,83416,1,39919,-1071607778,0
WA,,,Whitby,6123,,,,,83534,1,39987,-1071607778,0
WA,,,White Gum Valley,6162,,,,,83582,1,39428,-1071607778,0
WA,,,Whiteman,6068,,,,,83444,1,39874,-1071607778,0
WA,,,Willagee,6156,,,,,83572,1,39613,-1071607778,0
WA,,,Willetton,6155,,,,,83569,1,39477,-1071607778,0
WA,,,Wilson,6107,,,,,83504,1,39473,-1071607778,0
WA,,,Winthrop,6150,,,,,83551,1,39478,-1071607778,0
WA,,,Woodbridge,6056,,,,,83404,1,39655,-1071607778,0
WA,,,Woodlands,6018,,,,,83310,1,39671,-1071607778,0
WA,,,Woodvale,6026,,,,,83328,1,41222,-1071607778,0
WA,,,Wooroloo,6558,,,,,84726,1,40486,-1071607778,0
WA,,,Wungong,6112,,,,,83526,1,39396,-1071607778,0
WA,,,Yanchep,6035,,,,,83353,1,39837,-1071607778,0
WA,,,Yangebup,6164,,,,,83600,1,39402,-1071607778,0
WA,,,Yokine,6060,,,,,83412,1,39684,-1071607778,0
SA,,,Ashton,5137,,,,,81959,2,3634,-1071607778,0
SA,,,Ashton,5137,,,,,81959,2,3634,-1071607778,0
SA,,,Crafers West,5152,,,,,81971,2,384,-1071607778,0
SA,,,Crafers West,5152,,,,,81971,2,384,-1071607778,0
SA,,,Crafers West,5152,,,,,81971,2,384,-1071607778,0
SA,,,Greenhill,5140,,,,,81963,2,515,-1071607778,0
SA,,,Greenhill,5140,,,,,81963,2,515,-1071607778,0
SA,,,Ironbank,5153,,,,,81981,2,469,-1071607778,0
SA,,,Montacute,5134,,,,,81957,2,4199,-1071607778,0
SA,,,Mount George,5155,,,,,81988,2,2388,-1071607778,0
SA,,,Summertown,5141,,,,,81965,2,2395,-1071607778,0
SA,,,Summertown,5141,,,,,81965,2,2395,-1071607778,0
SA,,,Summertown,5141,,,,,81965,2,2395,-1071607778,0
SA,,,Teringie,5072,,,,,81798,2,675,-1071607778,0
SA,,,Teringie,5072,,,,,81798,2,675,-1071607778,0
SA,,,Waterfall Gully,5066,,,,,81761,2,524,-1071607778,0
SA,,,Auldana,5072,,,,,81792,2,675,-1071607778,0
SA,,,Auldana,5072,,,,,81792,2,675,-1071607778,0
SA,,,Auldana,5072,,,,,81792,2,675,-1071607778,0
SA,,,Beaumont,5066,,,,,81756,2,524,-1071607778,0
SA,,,Beaumont,5066,,,,,81756,2,524,-1071607778,0
SA,,,Beaumont,5066,,,,,81756,2,524,-1071607778,0
SA,,,Leabrook,5068,,,,,81772,2,614,-1071607778,0
SA,,,Leabrook,5068,,,,,81772,2,614,-1071607778,0
SA,,,Leabrook,5068,,,,,81772,2,614,-1071607778,0
SA,,,Mount Osmond,5064,,,,,81747,2,523,-1071607778,0
SA,,,Mount Osmond,5064,,,,,81747,2,523,-1071607778,0
SA,,,Mount Osmond,5064,,,,,81747,2,523,-1071607778,0
SA,,,Rosslyn Park,5072,,,,,81796,2,675,-1071607778,0
SA,,,Rosslyn Park,5072,,,,,81796,2,675,-1071607778,0
SA,,,Rosslyn Park,5072,,,,,81796,2,675,-1071607778,0
SA,,,Skye,5072,,,,,81797,2,675,-1071607778,0
SA,,,Skye,5072,,,,,81797,2,675,-1071607778,0
SA,,,Toorak Gardens,5065,,,,,81754,2,3558,-1071607778,0
SA,,,Toorak Gardens,5065,,,,,81754,2,3558,-1071607778,0
SA,,,Toorak Gardens,5065,,,,,81754,2,3558,-1071607778,0
SA,,,Waterfall Gully,5066,,,,,81761,2,524,-1071607778,0
SA,,,Bowden,5007,,,,,81574,2,765,-1071607778,0
SA,,,Bowden,5007,,,,,81574,2,765,-1071607778,0
SA,,,Cheltenham,5014,,,,,81609,2,572,-1071607778,0
SA,,,Cheltenham,5014,,,,,81609,2,572,-1071607778,0
SA,,,Cheltenham,5014,,,,,81609,2,572,-1071607778,0
SA,,,Croydon,5008,,,,,81579,2,386,-1071607778,0
SA,,,Croydon,5008,,,,,81579,2,386,-1071607778,0
SA,,,Croydon,5008,,,,,81579,2,386,-1071607778,0
SA,,,Devon Park,5008,,,,,81582,2,386,-1071607778,0
SA,,,Devon Park,5008,,,,,81582,2,386,-1071607778,0
SA,,,Hendon,5014,,,,,81610,2,572,-1071607778,0
SA,,,Hendon,5014,,,,,81610,2,572,-1071607778,0
SA,,,Hendon,5014,,,,,81610,2,572,-1071607778,0
SA,,,Ovingham,5082,,,,,81817,2,596,-1071607778,0
SA,,,Ovingham,5082,,,,,81817,2,596,-1071607778,0
SA,,,Ridleyton,5008,,,,,81585,2,386,-1071607778,0
SA,,,Ridleyton,5008,,,,,81585,2,386,-1071607778,0
SA,,,Ridleyton,5008,,,,,81585,2,386,-1071607778,0
SA,,,Tennyson,5022,,,,,81634,2,577,-1071607778,0
SA,,,Tennyson,5022,,,,,81634,2,577,-1071607778,0
SA,,,Tennyson,5022,,,,,81634,2,577,-1071607778,0
SA,,,Welland,5007,,,,,81577,2,765,-1071607778,0
SA,,,Welland,5007,,,,,81577,2,765,-1071607778,0
SA,,,Welland,5007,,,,,81577,2,765,-1071607778,0
SA,,,Woodville North,5012,,,,,81600,2,611,-1071607778,0
SA,,,Woodville North,5012,,,,,81600,2,611,-1071607778,0
SA,,,Woodville North,5012,,,,,81600,2,611,-1071607778,0
SA,,,Gawler West,5118,,,,,81931,2,581,-1071607778,0
SA,,,Gawler West,5118,,,,,81931,2,581,-1071607778,0
SA,,,Gawler West,5118,,,,,81931,2,581,-1071607778,0
SA,,,Reid,5118,,,,,81936,2,581,-1071607778,0
SA,,,Reid,5118,,,,,81936,2,581,-1071607778,0
SA,,,Willaston,5118,,,,,81938,2,581,-1071607778,0
SA,,,Willaston,5118,,,,,81938,2,581,-1071607778,0
SA,,,Willaston,5118,,,,,81938,2,581,-1071607778,0
SA,,,Glenelg South,5045,,,,,81700,2,521,-1071607778,0
SA,,,Glenelg South,5045,,,,,81700,2,521,-1071607778,0
SA,,,Glenelg South,5045,,,,,81700,2,521,-1071607778,0
SA,,,Kingston Park,5049,,,,,81713,2,470,-1071607778,0
SA,,,Kingston Park,5049,,,,,81713,2,470,-1071607778,0
SA,,,Kingston Park,5049,,,,,81713,2,470,-1071607778,0
SA,,,Seacliff Park,5049,,,,,81716,2,470,-1071607778,0
SA,,,Seacliff Park,5049,,,,,81716,2,470,-1071607778,0
SA,,,Seacliff Park,5049,,,,,81716,2,470,-1071607778,0
SA,,,Ascot Park,5043,,,,,81689,2,387,-1071607778,0
SA,,,Ascot Park,5043,,,,,81689,2,387,-1071607778,0
SA,,,Ascot Park,5043,,,,,81689,2,387,-1071607778,0
SA,,,Darlington,5047,,,,,81704,2,1929,-1071607778,0
SA,,,Darlington,5047,,,,,81704,2,1929,-1071607778,0
SA,,,Darlington,5047,,,,,81704,2,1929,-1071607778,0
SA,,,Plympton Park,5038,,,,,81673,2,394,-1071607778,0
SA,,,Plympton Park,5038,,,,,81673,2,394,-1071607778,0
SA,,,Plympton Park,5038,,,,,81673,2,394,-1071607778,0
SA,,,Seacliff Park,5049,,,,,81716,2,470,-1071607778,0
SA,,,Seacliff Park,5049,,,,,81716,2,470,-1071607778,0
SA,,,Seacliff Park,5049,,,,,81716,2,470,-1071607778,0
SA,,,Crafers West,5152,,,,,81971,2,384,-1071607778,0
SA,,,Crafers West,5152,,,,,81971,2,384,-1071607778,0
SA,,,Crafers West,5152,,,,,81971,2,384,-1071607778,0
SA,,,Craigburn Farm,5051,,,,,81722,2,563,-1071607778,0
SA,,,Craigburn Farm,5051,,,,,81722,2,563,-1071607778,0
SA,,,Craigburn Farm,5051,,,,,81722,2,563,-1071607778,0
SA,,,Lower Mitcham,5062,,,,,81733,2,395,-1071607778,0
SA,,,Lower Mitcham,5062,,,,,81733,2,395,-1071607778,0
SA,,,Lower Mitcham,5062,,,,,81733,2,395,-1071607778,0
SA,,,Lynton,5062,,,,,81734,2,395,-1071607778,0
SA,,,Evandale,5069,,,,,81777,2,517,-1071607778,0
SA,,,Evandale,5069,,,,,81777,2,517,-1071607778,0
SA,,,Evandale,5069,,,,,81777,2,517,-1071607778,0
SA,,,Firle,5070,,,,,81783,2,531,-1071607778,0
SA,,,Firle,5070,,,,,81783,2,531,-1071607778,0
SA,,,Firle,5070,,,,,81783,2,531,-1071607778,0
SA,,,Glynde,5070,,,,,81784,2,531,-1071607778,0
SA,,,Glynde,5070,,,,,81784,2,531,-1071607778,0
SA,,,Glynde,5070,,,,,81784,2,531,-1071607778,0
SA,,,Hackney,5069,,,,,81778,2,517,-1071607778,0
SA,,,Heathpool,5068,,,,,81768,2,614,-1071607778,0
SA,,,Joslin,5070,,,,,81786,2,531,-1071607778,0
SA,,,Joslin,5070,,,,,81786,2,531,-1071607778,0
SA,,,Payneham South,5070,,,,,81789,2,531,-1071607778,0
SA,,,Payneham South,5070,,,,,81789,2,531,-1071607778,0
SA,,,Payneham South,5070,,,,,81789,2,531,-1071607778,0
SA,,,Royston Park,5070,,,,,81790,2,531,-1071607778,0
SA,,,Royston Park,5070,,,,,81790,2,531,-1071607778,0
SA,,,Royston Park,5070,,,,,81790,2,531,-1071607778,0
SA,,,Chandlers Hill,5159,,,,,82003,2,408,-1071607778,0
SA,,,Chandlers Hill,5159,,,,,82003,2,408,-1071607778,0
SA,,,Craigburn Farm,5051,,,,,81722,2,563,-1071607778,0
SA,,,Craigburn Farm,5051,,,,,81722,2,563,-1071607778,0
SA,,,Craigburn Farm,5051,,,,,81722,2,563,-1071607778,0
SA,,,Darlington,5047,,,,,81704,2,1929,-1071607778,0
SA,,,Darlington,5047,,,,,81704,2,1929,-1071607778,0
SA,,,Darlington,5047,,,,,81704,2,1929,-1071607778,0
SA,,,Ironbank,5153,,,,,81981,2,469,-1071607778,0
SA,,,Maslin Beach,5170,,,,,82031,2,203,-1071607778,0
SA,,,Maslin Beach,5170,,,,,82031,2,203,-1071607778,0
SA,,,Maslin Beach,5170,,,,,82031,2,203,-1071607778,0
SA,,,Moana,5169,,,,,82026,2,297,-1071607778,0
SA,,,Moana,5169,,,,,82026,2,297,-1071607778,0
SA,,,Moana,5169,,,,,82026,2,297,-1071607778,0
SA,,,Onkaparinga Hills,5163,,,,,82016,2,173,-1071607778,0
SA,,,Onkaparinga Hills,5163,,,,,82016,2,173,-1071607778,0
SA,,,Onkaparinga Hills,5163,,,,,82016,2,173,-1071607778,0
SA,,,Port Willunga,5173,,,,,82052,2,223,-1071607778,0
SA,,,Port Willunga,5173,,,,,82052,2,223,-1071607778,0
SA,,,Port Willunga,5173,,,,,82052,2,223,-1071607778,0
SA,,,Seaford Heights,5169,,,,,82028,2,297,-1071607778,0
SA,,,Seaford Heights,5169,,,,,82028,2,297,-1071607778,0
SA,,,Sellicks Beach,5174,,,,,82054,2,225,-1071607778,0
SA,,,Sellicks Beach,5174,,,,,82054,2,225,-1071607778,0
SA,,,Sellicks Beach,5174,,,,,82054,2,225,-1071607778,0
SA,,,Alberton,5014,,,,,81608,2,572,-1071607778,0
SA,,,Alberton,5014,,,,,81608,2,572,-1071607778,0
SA,,,Alberton,5014,,,,,81608,2,572,-1071607778,0
SA,,,Clearview,5085,,,,,81829,2,2343,-1071607778,0
SA,,,Clearview,5085,,,,,81829,2,2343,-1071607778,0
SA,,,Clearview,5085,,,,,81829,2,2343,-1071607778,0
SA,,,Devon Park,5008,,,,,81582,2,386,-1071607778,0
SA,,,Devon Park,5008,,,,,81582,2,386,-1071607778,0
SA,,,Dry Creek,5094,,,,,81853,2,580,-1071607778,0
SA,,,Dry Creek,5094,,,,,81853,2,580,-1071607778,0
SA,,,Dudley Park,5008,,,,,81583,2,386,-1071607778,0
SA,,,Dudley Park,5008,,,,,81583,2,386,-1071607778,0
SA,,,Dudley Park,5008,,,,,81583,2,386,-1071607778,0
SA,,,Ethelton,5015,,,,,81614,2,431,-1071607778,0
SA,,,Ethelton,5015,,,,,81614,2,431,-1071607778,0
SA,,,Ethelton,5015,,,,,81614,2,431,-1071607778,0
SA,,,Exeter,5019,,,,,81624,2,390,-1071607778,0
SA,,,Exeter,5019,,,,,81624,2,390,-1071607778,0
SA,,,Exeter,5019,,,,,81624,2,390,-1071607778,0
SA,,,Ferryden Park,5010,,,,,81591,2,5301,-1071607778,0
SA,,,Ferryden Park,5010,,,,,81591,2,5301,-1071607778,0
SA,,,Ferryden Park,5010,,,,,81591,2,5301,-1071607778,0
SA,,,Gillman,5013,,,,,81601,2,2340,-1071607778,0
SA,,,Glanville,5015,,,,,81615,2,431,-1071607778,0
SA,,,Glanville,5015,,,,,81615,2,431,-1071607778,0
SA,,,Glanville,5015,,,,,81615,2,431,-1071607778,0
SA,,,Hampstead Gardens,5086,,,,,81836,2,4971,-1071607778,0
SA,,,Hampstead Gardens,5086,,,,,81836,2,4971,-1071607778,0
SA,,,Hampstead Gardens,5086,,,,,81836,2,4971,-1071607778,0
SA,,,Manningham,5086,,,,,81838,2,4971,-1071607778,0
SA,,,Manningham,5086,,,,,81838,2,4971,-1071607778,0
SA,,,Manningham,5086,,,,,81838,2,4971,-1071607778,0
SA,,,Ovingham,5082,,,,,81817,2,596,-1071607778,0
SA,,,Ovingham,5082,,,,,81817,2,596,-1071607778,0
SA,,,Peterhead,5016,,,,,81619,2,5990,-1071607778,0
SA,,,Peterhead,5016,,,,,81619,2,5990,-1071607778,0
SA,,,Peterhead,5016,,,,,81619,2,5990,-1071607778,0
SA,,,Wingfield,5013,,,,,81606,2,2340,-1071607778,0
SA,,,Wingfield,5013,,,,,81606,2,2340,-1071607778,0
SA,,,Wingfield,5013,,,,,81606,2,2340,-1071607778,0
SA,,,Fitzroy,5082,,,,,81816,2,596,-1071607778,0
SA,,,Fitzroy,5082,,,,,81816,2,596,-1071607778,0
SA,,,Ovingham,5082,,,,,81817,2,596,-1071607778,0
SA,,,Ovingham,5082,,,,,81817,2,596,-1071607778,0
SA,,,Direk,5110,,,,,81884,2,316,-1071607778,0
SA,,,Direk,5110,,,,,81884,2,316,-1071607778,0
SA,,,Direk,5110,,,,,81884,2,316,-1071607778,0
SA,,,Dry Creek,5094,,,,,81853,2,580,-1071607778,0
SA,,,Dry Creek,5094,,,,,81853,2,580,-1071607778,0
SA,,,Green Fields,5107,,,,,81869,2,176,-1071607778,0
SA,,,Salisbury Plain,5109,,,,,81881,2,156,-1071607778,0
SA,,,Salisbury Plain,5109,,,,,81881,2,156,-1071607778,0
SA,,,Salisbury Plain,5109,,,,,81881,2,156,-1071607778,0
SA,,,Vista,5091,,,,,81846,2,475,-1071607778,0
SA,,,Vista,5091,,,,,81846,2,475,-1071607778,0
SA,,,Vista,5091,,,,,81846,2,475,-1071607778,0
SA,,,Yatala Vale,5126,,,,,81949,2,44,-1071607778,0
SA,,,Yatala Vale,5126,,,,,81949,2,44,-1071607778,0
SA,,,Forestville,5035,,,,,81664,2,457,-1071607778,0
SA,,,Forestville,5035,,,,,81664,2,457,-1071607778,0
SA,,,Kings Park,5034,,,,,81658,2,441,-1071607778,0
SA,,,Kings Park,5034,,,,,81658,2,441,-1071607778,0
SA,,,Kings Park,5034,,,,,81658,2,441,-1071607778,0
SA,,,Millswood,5034,,,,,81659,2,441,-1071607778,0
SA,,,Millswood,5034,,,,,81659,2,441,-1071607778,0
SA,,,Millswood,5034,,,,,81659,2,441,-1071607778,0
SA,,,Unley Park,5061,,,,,81728,2,2394,-1071607778,0
SA,,,Unley Park,5061,,,,,81728,2,2394,-1071607778,0
SA,,,Unley Park,5061,,,,,81728,2,2394,-1071607778,0
SA,,,Gilberton,5081,,,,,81811,2,768,-1071607778,0
SA,,,Gilberton,5081,,,,,81811,2,768,-1071607778,0
SA,,,Gilberton,5081,,,,,81811,2,768,-1071607778,0
SA,,,Fulham,5024,,,,,81638,2,443,-1071607778,0
SA,,,Fulham,5024,,,,,81638,2,443,-1071607778,0
SA,,,Fulham,5024,,,,,81638,2,443,-1071607778,0
SA,,,Kurralta Park,5037,,,,,81668,2,440,-1071607778,0
SA,,,Kurralta Park,5037,,,,,81668,2,440,-1071607778,0
SA,,,Kurralta Park,5037,,,,,81668,2,440,-1071607778,0
SA,,,North Plympton,5037,,,,,81670,2,440,-1071607778,0
SA,,,North Plympton,5037,,,,,81670,2,440,-1071607778,0
SA,,,North Plympton,5037,,,,,81670,2,440,-1071607778,0
SA,,,West Richmond,5033,,,,,81655,2,392,-1071607778,0
SA,,,West Richmond,5033,,,,,81655,2,392,-1071607778,0
SA,,,West Richmond,5033,,,,,81655,2,392,-1071607778,0
